-3.000000000000000000e+00 -1.307980833848058300e+00
-2.939999999999999947e+00 -1.580173318297561025e+00
-2.879999999999999893e+00 -1.715658570507735847e+00
-2.819999999999999840e+00 -1.472332656026095199e+00
-2.759999999999999787e+00 -1.133745855971452610e+00
-2.700000000000000178e+00 -1.737730047138796641e+00
-2.640000000000000124e+00 -1.303301761551985072e+00
-2.580000000000000071e+00 -1.203471941957369840e+00
-2.520000000000000018e+00 -1.306744497299688001e+00
-2.459999999999999964e+00 -1.071751035923915962e+00
-2.399999999999999911e+00 -1.362616332570682598e+00
-2.339999999999999858e+00 -1.276636584583632716e+00
-2.280000000000000249e+00 -1.342288886024159300e+00
-2.219999999999999751e+00 -1.062691025711787640e+00
-2.160000000000000142e+00 -9.944172879249180141e-01
-2.100000000000000089e+00 -1.349605310573860795e+00
-2.040000000000000036e+00 -1.102351011010613391e+00
-1.979999999999999982e+00 -1.009524511982605066e+00
-1.919999999999999929e+00 -9.302888559288458037e-01
-1.860000000000000098e+00 -7.118577497747693439e-01
-1.800000000000000044e+00 -8.568840677700898523e-01
-1.739999999999999991e+00 -8.759938606534372063e-01
-1.680000000000000160e+00 -8.428490703993748445e-01
-1.620000000000000107e+00 -5.669257608798211612e-01
-1.560000000000000053e+00 -6.080972341266063230e-01
-1.500000000000000000e+00 -4.730835716995324125e-01
-1.439999999999999947e+00 -5.893177419855663013e-01
-1.380000000000000115e+00 -6.945540653433317502e-01
-1.320000000000000062e+00 -5.945431420713287451e-02
-1.260000000000000009e+00 -3.495694683733371333e-01
-1.200000000000000178e+00 -4.554914998901948842e-01
-1.140000000000000124e+00 -5.063472810226665732e-01
-1.080000000000000071e+00 -4.542275389193232149e-01
-1.020000000000000018e+00 -5.208438197180647045e-01
-9.599999999999999645e-01 -2.294956388035622186e-01
-8.999999999999999112e-01 -3.447488808380120839e-01
-8.399999999999998579e-01 -3.403103729215255502e-01
-7.800000000000002487e-01 -7.080982277392225410e-02
-7.200000000000001954e-01 -1.590415581370622500e-01
-6.600000000000001421e-01 -3.142524509284535528e-01
-6.000000000000000888e-01 -7.019280435802111029e-02
-5.400000000000000355e-01 -7.884583209716074237e-02
-4.799999999999999822e-01 -4.943016542859574036e-02
-4.199999999999999289e-01 1.305618694700666216e-01
-3.600000000000003197e-01 -1.411482025776311378e-01
-3.000000000000002665e-01 1.734355046966662983e-01
-2.400000000000002132e-01 2.125673882885151800e-01
-1.800000000000001599e-01 3.503389286609256970e-02
-1.200000000000001066e-01 3.028771226019917884e-01
-6.000000000000005329e-02 5.080917250697065679e-01
0.000000000000000000e+00 6.561737448720375010e-01
6.000000000000005329e-02 4.130491963998308425e-01
1.200000000000001066e-01 2.226135204355247366e-01
1.799999999999997158e-01 7.413245806765389467e-02
2.399999999999997691e-01 2.756974267653392041e-01
2.999999999999998224e-01 4.986287209226641925e-01
3.599999999999998757e-01 6.015068149040871948e-01
4.199999999999999289e-01 4.399883860033853011e-01
4.799999999999999822e-01 3.403217213480382863e-01
5.400000000000000355e-01 4.758828176378808172e-01
5.999999999999996447e-01 6.308476031321433863e-01
6.599999999999996980e-01 7.097738823014285714e-01
7.199999999999997513e-01 6.739854842905907972e-01
7.799999999999998046e-01 6.399659330259619416e-01
8.399999999999998579e-01 8.212858826823704606e-01
8.999999999999999112e-01 1.241460363024926128e+00
9.599999999999999645e-01 1.062710212614603300e+00
1.019999999999999574e+00 8.755981754575481446e-01
1.080000000000000071e+00 9.508985151850611883e-01
1.139999999999999680e+00 1.435334655215922073e+00
1.200000000000000178e+00 1.082207200300530747e+00
1.259999999999999787e+00 1.289098959122910282e+00
1.320000000000000284e+00 1.485330097428705143e+00
1.379999999999999893e+00 1.574749869688759407e+00
1.439999999999999503e+00 1.410331989033106970e+00
1.500000000000000000e+00 1.109791643131970540e+00
1.559999999999999609e+00 1.425951305908935929e+00
1.620000000000000107e+00 1.374640451918826223e+00
1.679999999999999716e+00 1.241434055477708354e+00
1.740000000000000213e+00 1.433591633348707095e+00
1.799999999999999822e+00 1.419790988650874830e+00
1.859999999999999432e+00 1.408846003656756052e+00
1.919999999999999929e+00 1.733872004846404469e+00
1.979999999999999538e+00 1.458804977544508885e+00
2.040000000000000036e+00 1.651173307825015701e+00
2.099999999999999645e+00 1.409342164960243560e+00
2.160000000000000142e+00 1.807998454012801348e+00
2.219999999999999751e+00 1.820926542007652582e+00
2.279999999999999361e+00 1.778566552417141011e+00
2.339999999999999858e+00 1.747037142915525587e+00
2.399999999999999467e+00 1.932684301741623312e+00
2.459999999999999964e+00 1.918510323034476661e+00
2.519999999999999574e+00 2.029885456188427639e+00
2.580000000000000071e+00 1.795156848880785638e+00
2.639999999999999680e+00 1.797009951182752197e+00
2.700000000000000178e+00 1.913438808731007468e+00
2.759999999999999787e+00 2.074698603587432189e+00
2.819999999999999396e+00 1.916251246968585731e+00
2.879999999999999893e+00 2.021229804635396476e+00
2.939999999999999503e+00 2.161999366202315809e+00
3.000000000000000000e+00 2.376695725020192995e+00
