-3.000000000000000000e+00 2.160536333854245470e+02
-2.939999999999999947e+00 1.905745449837903891e+02
-2.879999999999999893e+00 1.712432764283655899e+02
-2.819999999999999840e+00 1.704392710264011157e+02
-2.759999999999999787e+00 1.331616631847452936e+02
-2.700000000000000178e+00 1.187725731065121266e+02
-2.640000000000000124e+00 1.034336581275075702e+02
-2.580000000000000071e+00 8.645960125749098779e+01
-2.520000000000000018e+00 8.761045992444410047e+01
-2.459999999999999964e+00 8.168902239206134652e+01
-2.399999999999999911e+00 7.005254787443510622e+01
-2.339999999999999858e+00 5.976497250895303637e+01
-2.280000000000000249e+00 4.283604698984215275e+01
-2.219999999999999751e+00 5.320907429205988137e+01
-2.160000000000000142e+00 2.805033834176393270e+01
-2.100000000000000089e+00 4.396744282496808864e+01
-2.040000000000000036e+00 1.990173746443781511e+01
-1.979999999999999982e+00 1.994095064446647569e+01
-1.919999999999999929e+00 2.017309308024635328e+01
-1.860000000000000098e+00 8.603950736572292257e+00
-1.800000000000000044e+00 2.343264848810486001e+01
-1.739999999999999991e+00 1.454418474738981182e+01
-1.680000000000000160e+00 1.341530856518938286e+01
-1.620000000000000107e+00 7.021107258091521253e+00
-1.560000000000000053e+00 3.363541604797867013e+00
-1.500000000000000000e+00 2.754976171832347553e+00
-1.439999999999999947e+00 9.960888059426697083e+00
-1.380000000000000115e+00 8.898559990350475957e+00
-1.320000000000000062e+00 1.070305332425465572e+01
-1.260000000000000009e+00 8.056253618602788436e+00
-1.200000000000000178e+00 3.268827922527147045e+00
-1.140000000000000124e+00 -2.000389131817805310e+00
-1.080000000000000071e+00 6.433139298508313786e+00
-1.020000000000000018e+00 5.051352577647919340e+00
-9.599999999999999645e-01 2.516264186011723414e+00
-8.999999999999999112e-01 1.229547993986456866e+01
-8.399999999999998579e-01 -1.224190820625776777e+00
-7.800000000000002487e-01 -6.439373151657925565e-01
-7.200000000000001954e-01 -1.421838445155999553e+00
-6.600000000000001421e-01 -5.759543601232772758e+00
-6.000000000000000888e-01 -1.020428355534775733e+01
-5.400000000000000355e-01 6.120545828024313906e+00
-4.799999999999999822e-01 -3.121159413080267786e+00
-4.199999999999999289e-01 4.778124782386352187e+00
-3.600000000000003197e-01 1.080853606366212105e+01
-3.000000000000002665e-01 -1.898863300745725069e-01
-2.400000000000002132e-01 8.711836465074281222e+00
-1.800000000000001599e-01 -4.039440658524781291e+00
-1.200000000000001066e-01 -1.009583984306584981e+01
-6.000000000000005329e-02 -1.150683504462402063e+01
0.000000000000000000e+00 -5.017936008219928468e+00
6.000000000000005329e-02 -4.588754064845200098e+00
1.200000000000001066e-01 -4.751940974419168739e+00
1.799999999999997158e-01 -3.471299551386723081e+00
2.399999999999997691e-01 1.328174865941643645e+01
2.999999999999998224e-01 -4.366739786210221297e+00
3.599999999999998757e-01 4.760571381717503825e-01
4.199999999999999289e-01 -1.399931346361333873e+01
4.799999999999999822e-01 6.598780115602617791e+00
5.400000000000000355e-01 -5.933009336931814204e+00
5.999999999999996447e-01 7.257991395154301806e-01
6.599999999999996980e-01 -2.316410082878919141e+00
7.199999999999997513e-01 3.156695119403551075e+00
7.799999999999998046e-01 2.961258872402547482e+00
8.399999999999998579e-01 9.231120788858378390e+00
8.999999999999999112e-01 1.577645914262024274e+00
9.599999999999999645e-01 -3.673718421228151509e+00
1.019999999999999574e+00 1.755017934648916622e+01
1.080000000000000071e+00 -3.554497310712581903e+00
1.139999999999999680e+00 3.010830828228709954e+00
1.200000000000000178e+00 -1.291477907572960326e+00
1.259999999999999787e+00 1.560732609748383126e-01
1.320000000000000284e+00 -8.829740660700480248e-01
1.379999999999999893e+00 2.085311074810075382e+00
1.439999999999999503e+00 1.437728778644031813e+01
1.500000000000000000e+00 9.450441809961166229e+00
1.559999999999999609e+00 7.666534299786654572e+00
1.620000000000000107e+00 1.510003009383020611e+01
1.679999999999999716e+00 1.854816169516058366e+01
1.740000000000000213e+00 2.502387920481390537e+01
1.799999999999999822e+00 3.416623449519825328e+01
1.859999999999999432e+00 3.385428185424085257e+01
1.919999999999999929e+00 3.450493671648185057e+01
1.979999999999999538e+00 3.016312081645955345e+01
2.040000000000000036e+00 5.322296999750034274e+01
2.099999999999999645e+00 5.332281321373626071e+01
2.160000000000000142e+00 5.959242733637065470e+01
2.219999999999999751e+00 5.708820082253217976e+01
2.279999999999999361e+00 7.500920974912999384e+01
2.339999999999999858e+00 7.534848058829997797e+01
2.399999999999999467e+00 1.010585236973526264e+02
2.459999999999999964e+00 1.251967531958431863e+02
2.519999999999999574e+00 1.314775513848649666e+02
2.580000000000000071e+00 1.587513349859419236e+02
2.639999999999999680e+00 1.826340724361412242e+02
2.700000000000000178e+00 1.932030255069657017e+02
2.759999999999999787e+00 2.191781843295345880e+02
2.819999999999999396e+00 2.362981133192184302e+02
2.879999999999999893e+00 2.735238624163530403e+02
2.939999999999999503e+00 2.949867999497055280e+02
3.000000000000000000e+00 3.298070146440614394e+02
