-3.000000000000000000e+00 -1.410105464271782871e+01
-2.939999999999999947e+00 -1.124209157370557399e+01
-2.879999999999999893e+00 -8.803249143412678279e+00
-2.819999999999999840e+00 -4.928026794212454931e+00
-2.759999999999999787e+00 -7.473242667884250956e+00
-2.700000000000000178e+00 -7.468050287712781454e+00
-2.640000000000000124e+00 -6.931974903685398814e+00
-2.580000000000000071e+00 -6.908304742345782401e+00
-2.520000000000000018e+00 -3.491094400770863082e+00
-2.459999999999999964e+00 -6.320672290315213715e+00
-2.399999999999999911e+00 -4.875528587543521475e+00
-2.339999999999999858e+00 -2.972344115069304848e+00
-2.280000000000000249e+00 -4.220995200864932961e+00
-2.219999999999999751e+00 -1.108152998019817925e+00
-2.160000000000000142e+00 -4.380184436438728568e+00
-2.100000000000000089e+00 -2.913894984009676392e+00
-2.040000000000000036e+00 -6.541903277827385566e+00
-1.979999999999999982e+00 1.594014403060528551e-01
-1.919999999999999929e+00 1.338549094058558708e-01
-1.860000000000000098e+00 -3.447570780555710535e+00
-1.800000000000000044e+00 9.187240854224274500e-01
-1.739999999999999991e+00 2.165888772537259754e+00
-1.680000000000000160e+00 1.547408065613196548e+00
-1.620000000000000107e+00 2.172106629771313635e+00
-1.560000000000000053e+00 -1.719728001360294689e+00
-1.500000000000000000e+00 -8.047222848803874395e-01
-1.439999999999999947e+00 -3.102266502483294719e+00
-1.380000000000000115e+00 -7.236540750112278042e-01
-1.320000000000000062e+00 1.664042369189461024e+00
-1.260000000000000009e+00 -2.035920726063352948e+00
-1.200000000000000178e+00 2.851903025346237630e+00
-1.140000000000000124e+00 -5.360377059612414508e-01
-1.080000000000000071e+00 1.278165009895500637e+00
-1.020000000000000018e+00 1.738196683945747445e+00
-9.599999999999999645e-01 -1.456125762574183025e+00
-8.999999999999999112e-01 -5.746289176810887023e-01
-8.399999999999998579e-01 -1.300040720697629215e+00
-7.800000000000002487e-01 1.478093009363467270e-01
-7.200000000000001954e-01 2.813990831258410541e+00
-6.600000000000001421e-01 -1.831386403400808716e+00
-6.000000000000000888e-01 1.227499086317745958e+00
-5.400000000000000355e-01 6.425035692954665922e-01
-4.799999999999999822e-01 4.381879662395502528e-01
-4.199999999999999289e-01 3.255281372324819178e-01
-3.600000000000003197e-01 -3.811128987553824565e-02
-3.000000000000002665e-01 -2.869779610018540206e-01
-2.400000000000002132e-01 -3.289998911227161038e-01
-1.800000000000001599e-01 -1.510633719871622704e-01
-1.200000000000001066e-01 1.398205653705552054e+00
-6.000000000000005329e-02 -3.912123240015354386e-01
0.000000000000000000e+00 1.369952086632394650e+00
6.000000000000005329e-02 1.013832711773050788e+00
1.200000000000001066e-01 1.773062912753495812e-01
1.799999999999997158e-01 1.947683251539932048e+00
2.399999999999997691e-01 -1.000824299005679485e+00
2.999999999999998224e-01 3.149029310930582248e+00
3.599999999999998757e-01 -2.643608623681852787e+00
4.199999999999999289e-01 -2.979745698242042273e-02
4.799999999999999822e-01 -3.384852355302778726e-01
5.400000000000000355e-01 -2.072057288977666722e+00
5.999999999999996447e-01 1.982287253359651391e-01
6.599999999999996980e-01 3.969557447601091971e-01
7.199999999999997513e-01 2.621860078247538084e+00
7.799999999999998046e-01 -4.843556599468690216e-01
8.399999999999998579e-01 -4.446951045952625137e-01
8.999999999999999112e-01 1.437749645144828836e+00
9.599999999999999645e-01 -4.000115153372592047e-01
1.019999999999999574e+00 -2.403514156993488360e+00
1.080000000000000071e+00 5.109058838631200139e+00
1.139999999999999680e+00 4.660679848863851227e+00
1.200000000000000178e+00 4.858290390146061455e+00
1.259999999999999787e+00 1.294050831418369185e+00
1.320000000000000284e+00 5.057731256322668401e+00
1.379999999999999893e+00 7.860509825517122628e+00
1.439999999999999503e+00 6.554883963055246454e+00
1.500000000000000000e+00 5.262895503986388945e+00
1.559999999999999609e+00 4.463489702638245404e+00
1.620000000000000107e+00 3.040377783658591682e+00
1.679999999999999716e+00 6.181361745847905098e+00
1.740000000000000213e+00 9.592816220041104458e+00
1.799999999999999822e+00 4.463676217027146009e+00
1.859999999999999432e+00 1.056840425092461899e+01
1.919999999999999929e+00 6.164069784288063403e+00
1.979999999999999538e+00 1.004986609857391855e+01
2.040000000000000036e+00 1.353513016342402153e+01
2.099999999999999645e+00 1.058186238963834036e+01
2.160000000000000142e+00 1.391208068982266610e+01
2.219999999999999751e+00 1.464926669295220307e+01
2.279999999999999361e+00 1.579999893119933674e+01
2.339999999999999858e+00 1.526667305929923302e+01
2.399999999999999467e+00 1.658745205955734647e+01
2.459999999999999964e+00 1.886876595505025378e+01
2.519999999999999574e+00 1.798443783806141028e+01
2.580000000000000071e+00 2.176847643652380881e+01
2.639999999999999680e+00 2.137659258899142145e+01
2.700000000000000178e+00 1.728280872938602997e+01
2.759999999999999787e+00 2.236586699796206545e+01
2.819999999999999396e+00 2.640338725755196947e+01
2.879999999999999893e+00 2.792287918095190946e+01
2.939999999999999503e+00 2.645755797333828241e+01
3.000000000000000000e+00 3.328470365752109217e+01
