4.201000000000000000e+03
4.158000000000000000e+03
4.154000000000000000e+03
4.116000000000000000e+03
4.092000000000000000e+03
4.057000000000000000e+03
4.037000000000000000e+03
4.031000000000000000e+03
3.968000000000000000e+03
3.911000000000000000e+03
3.874000000000000000e+03
3.828000000000000000e+03
3.785000000000000000e+03
3.745000000000000000e+03
3.724000000000000000e+03
3.737000000000000000e+03
3.694000000000000000e+03
3.650000000000000000e+03
3.651000000000000000e+03
3.674000000000000000e+03
3.672000000000000000e+03
3.705000000000000000e+03
3.685000000000000000e+03
3.709000000000000000e+03
3.697000000000000000e+03
3.749000000000000000e+03
3.840000000000000000e+03
3.869000000000000000e+03
3.916000000000000000e+03
3.915000000000000000e+03
3.978000000000000000e+03
3.999000000000000000e+03
