1.542100000000000000e+04
1.548300000000000000e+04
1.547500000000000000e+04
1.554500000000000000e+04
1.557000000000000000e+04
1.561400000000000000e+04
1.559000000000000000e+04
1.563400000000000000e+04
1.572000000000000000e+04
1.577900000000000000e+04
1.583000000000000000e+04
1.591200000000000000e+04
1.598200000000000000e+04
1.598700000000000000e+04
1.606400000000000000e+04
1.607700000000000000e+04
1.612300000000000000e+04
1.617900000000000000e+04
1.624600000000000000e+04
1.637000000000000000e+04
1.657200000000000000e+04
1.636400000000000000e+04
1.635900000000000000e+04
1.661700000000000000e+04
1.662700000000000000e+04
1.662800000000000000e+04
1.670000000000000000e+04
1.674300000000000000e+04
1.669300000000000000e+04
1.667600000000000000e+04
1.646600000000000000e+04
1.648000000000000000e+04
