1.447000000000000000e+03
1.501000000000000000e+03
1.524000000000000000e+03
1.562000000000000000e+03
1.649000000000000000e+03
1.725000000000000000e+03
1.809000000000000000e+03
1.862000000000000000e+03
1.872000000000000000e+03
1.871000000000000000e+03
1.899000000000000000e+03
1.966000000000000000e+03
2.004000000000000000e+03
2.044000000000000000e+03
1.979000000000000000e+03
1.996000000000000000e+03
1.975000000000000000e+03
1.997000000000000000e+03
1.973000000000000000e+03
1.975000000000000000e+03
1.945000000000000000e+03
1.895000000000000000e+03
1.893000000000000000e+03
1.857000000000000000e+03
1.827000000000000000e+03
1.801000000000000000e+03
1.796000000000000000e+03
1.780000000000000000e+03
1.794000000000000000e+03
1.800000000000000000e+03
1.809000000000000000e+03
1.818000000000000000e+03
