6.790000000000000000e+02
7.110000000000000000e+02
7.490000000000000000e+02
7.960000000000000000e+02
8.120000000000000000e+02
8.350000000000000000e+02
8.560000000000000000e+02
8.910000000000000000e+02
9.090000000000000000e+02
9.080000000000000000e+02
9.030000000000000000e+02
9.300000000000000000e+02
9.260000000000000000e+02
9.100000000000000000e+02
9.190000000000000000e+02
9.280000000000000000e+02
9.460000000000000000e+02
9.430000000000000000e+02
9.450000000000000000e+02
9.490000000000000000e+02
9.820000000000000000e+02
9.890000000000000000e+02
1.014000000000000000e+03
1.008000000000000000e+03
1.012000000000000000e+03
1.012000000000000000e+03
1.000000000000000000e+03
9.880000000000000000e+02
9.780000000000000000e+02
1.009000000000000000e+03
9.890000000000000000e+02
9.810000000000000000e+02
