7.100000000000000000e+01
7.400000000000000000e+01
7.900000000000000000e+01
7.200000000000000000e+01
7.000000000000000000e+01
8.100000000000000000e+01
8.200000000000000000e+01
7.900000000000000000e+01
8.300000000000000000e+01
8.600000000000000000e+01
9.700000000000000000e+01
9.300000000000000000e+01
9.100000000000000000e+01
9.400000000000000000e+01
9.700000000000000000e+01
9.500000000000000000e+01
8.400000000000000000e+01
7.600000000000000000e+01
6.600000000000000000e+01
5.800000000000000000e+01
5.000000000000000000e+01
5.600000000000000000e+01
5.600000000000000000e+01
5.400000000000000000e+01
5.600000000000000000e+01
5.600000000000000000e+01
5.600000000000000000e+01
5.900000000000000000e+01
7.600000000000000000e+01
8.500000000000000000e+01
9.700000000000000000e+01
1.020000000000000000e+02
