3.100000000000000000e+02
3.070000000000000000e+02
3.000000000000000000e+02
2.840000000000000000e+02
2.850000000000000000e+02
2.840000000000000000e+02
3.080000000000000000e+02
3.260000000000000000e+02
3.650000000000000000e+02
4.120000000000000000e+02
4.490000000000000000e+02
4.620000000000000000e+02
4.980000000000000000e+02
5.360000000000000000e+02
5.520000000000000000e+02
5.800000000000000000e+02
6.080000000000000000e+02
6.350000000000000000e+02
6.470000000000000000e+02
6.440000000000000000e+02
6.700000000000000000e+02
6.740000000000000000e+02
6.570000000000000000e+02
6.620000000000000000e+02
6.680000000000000000e+02
7.060000000000000000e+02
7.130000000000000000e+02
7.040000000000000000e+02
7.110000000000000000e+02
7.280000000000000000e+02
7.570000000000000000e+02
7.610000000000000000e+02
