4.269000000000000000e+03
4.268000000000000000e+03
4.288000000000000000e+03
4.346000000000000000e+03
4.368000000000000000e+03
4.392000000000000000e+03
4.456000000000000000e+03
4.535000000000000000e+03
4.590000000000000000e+03
4.616000000000000000e+03
4.660000000000000000e+03
4.732000000000000000e+03
4.751000000000000000e+03
4.798000000000000000e+03
4.823000000000000000e+03
4.926000000000000000e+03
4.860000000000000000e+03
4.929000000000000000e+03
4.876000000000000000e+03
4.931000000000000000e+03
4.995000000000000000e+03
4.783000000000000000e+03
4.786000000000000000e+03
4.732000000000000000e+03
4.687000000000000000e+03
4.509000000000000000e+03
4.472000000000000000e+03
4.388000000000000000e+03
4.309000000000000000e+03
4.302000000000000000e+03
4.314000000000000000e+03
4.279000000000000000e+03
