3.870000000000000000e+03
3.854000000000000000e+03
3.761000000000000000e+03
3.832000000000000000e+03
3.909000000000000000e+03
4.067000000000000000e+03
4.254000000000000000e+03
4.363000000000000000e+03
4.367000000000000000e+03
4.459000000000000000e+03
4.565000000000000000e+03
4.698000000000000000e+03
4.742000000000000000e+03
4.795000000000000000e+03
4.868000000000000000e+03
4.933000000000000000e+03
4.920000000000000000e+03
4.991000000000000000e+03
5.113000000000000000e+03
5.116000000000000000e+03
5.071000000000000000e+03
4.953000000000000000e+03
4.906000000000000000e+03
4.965000000000000000e+03
4.891000000000000000e+03
4.910000000000000000e+03
4.864000000000000000e+03
4.819000000000000000e+03
4.787000000000000000e+03
4.796000000000000000e+03
4.789000000000000000e+03
4.859000000000000000e+03
