4.726000000000000000e+03
4.623000000000000000e+03
4.520000000000000000e+03
4.483000000000000000e+03
4.416000000000000000e+03
4.285000000000000000e+03
4.229000000000000000e+03
4.132000000000000000e+03
4.034000000000000000e+03
3.990000000000000000e+03
3.937000000000000000e+03
3.938000000000000000e+03
3.941000000000000000e+03
3.818000000000000000e+03
3.742000000000000000e+03
3.737000000000000000e+03
3.645000000000000000e+03
3.601000000000000000e+03
3.558000000000000000e+03
3.471000000000000000e+03
3.405000000000000000e+03
3.308000000000000000e+03
3.471000000000000000e+03
3.450000000000000000e+03
3.210000000000000000e+03
3.159000000000000000e+03
3.050000000000000000e+03
3.075000000000000000e+03
2.990000000000000000e+03
3.027000000000000000e+03
2.926000000000000000e+03
2.949000000000000000e+03
