4.628000000000000000e+03
4.611000000000000000e+03
4.637000000000000000e+03
4.737000000000000000e+03
4.761000000000000000e+03
4.845000000000000000e+03
4.841000000000000000e+03
4.875000000000000000e+03
4.844000000000000000e+03
4.807000000000000000e+03
4.730000000000000000e+03
4.739000000000000000e+03
4.588000000000000000e+03
4.554000000000000000e+03
4.475000000000000000e+03
4.388000000000000000e+03
4.316000000000000000e+03
4.303000000000000000e+03
4.188000000000000000e+03
4.251000000000000000e+03
4.281000000000000000e+03
4.012000000000000000e+03
4.036000000000000000e+03
3.869000000000000000e+03
3.742000000000000000e+03
3.710000000000000000e+03
3.546000000000000000e+03
3.456000000000000000e+03
3.400000000000000000e+03
3.282000000000000000e+03
3.131000000000000000e+03
3.048000000000000000e+03
