1.026300000000000000e+04
1.026000000000000000e+04
1.028400000000000000e+04
1.030400000000000000e+04
1.032500000000000000e+04
1.037900000000000000e+04
1.042100000000000000e+04
1.048800000000000000e+04
1.048400000000000000e+04
1.059100000000000000e+04
1.061000000000000000e+04
1.070000000000000000e+04
1.071100000000000000e+04
1.075500000000000000e+04
1.077400000000000000e+04
1.087500000000000000e+04
1.087300000000000000e+04
1.100300000000000000e+04
1.099900000000000000e+04
1.119000000000000000e+04
1.116600000000000000e+04
1.101400000000000000e+04
1.094200000000000000e+04
1.115900000000000000e+04
1.121100000000000000e+04
1.122900000000000000e+04
1.122600000000000000e+04
1.130900000000000000e+04
1.125800000000000000e+04
1.124900000000000000e+04
1.113800000000000000e+04
1.116100000000000000e+04
