6.300000000000000000e+01
6.200000000000000000e+01
6.100000000000000000e+01
6.900000000000000000e+01
7.700000000000000000e+01
7.500000000000000000e+01
8.100000000000000000e+01
8.600000000000000000e+01
8.300000000000000000e+01
7.800000000000000000e+01
8.400000000000000000e+01
8.300000000000000000e+01
8.500000000000000000e+01
7.900000000000000000e+01
8.200000000000000000e+01
8.700000000000000000e+01
8.000000000000000000e+01
6.900000000000000000e+01
6.200000000000000000e+01
5.500000000000000000e+01
5.200000000000000000e+01
4.900000000000000000e+01
4.700000000000000000e+01
4.700000000000000000e+01
5.300000000000000000e+01
6.200000000000000000e+01
6.600000000000000000e+01
6.700000000000000000e+01
6.000000000000000000e+01
6.900000000000000000e+01
7.700000000000000000e+01
7.600000000000000000e+01
