9.830000000000000000e+02
9.720000000000000000e+02
9.760000000000000000e+02
9.590000000000000000e+02
9.500000000000000000e+02
9.610000000000000000e+02
9.500000000000000000e+02
9.380000000000000000e+02
9.290000000000000000e+02
9.170000000000000000e+02
9.340000000000000000e+02
9.080000000000000000e+02
8.840000000000000000e+02
8.500000000000000000e+02
8.200000000000000000e+02
7.460000000000000000e+02
7.050000000000000000e+02
6.790000000000000000e+02
6.690000000000000000e+02
6.720000000000000000e+02
6.680000000000000000e+02
6.950000000000000000e+02
7.260000000000000000e+02
7.500000000000000000e+02
7.840000000000000000e+02
8.420000000000000000e+02
8.790000000000000000e+02
9.410000000000000000e+02
9.630000000000000000e+02
9.840000000000000000e+02
9.740000000000000000e+02
1.002000000000000000e+03
