9.510000000000000000e+02
9.180000000000000000e+02
8.930000000000000000e+02
8.590000000000000000e+02
8.260000000000000000e+02
7.580000000000000000e+02
7.150000000000000000e+02
6.850000000000000000e+02
6.840000000000000000e+02
6.800000000000000000e+02
6.820000000000000000e+02
6.990000000000000000e+02
7.300000000000000000e+02
7.540000000000000000e+02
7.890000000000000000e+02
8.460000000000000000e+02
8.860000000000000000e+02
9.520000000000000000e+02
9.610000000000000000e+02
9.880000000000000000e+02
9.870000000000000000e+02
1.031000000000000000e+03
1.017000000000000000e+03
1.029000000000000000e+03
1.049000000000000000e+03
1.078000000000000000e+03
1.095000000000000000e+03
1.105000000000000000e+03
1.103000000000000000e+03
1.123000000000000000e+03
1.141000000000000000e+03
1.148000000000000000e+03
