1.028000000000000000e+03
1.050000000000000000e+03
1.052000000000000000e+03
1.055000000000000000e+03
1.052000000000000000e+03
1.045000000000000000e+03
1.059000000000000000e+03
1.071000000000000000e+03
1.073000000000000000e+03
1.072000000000000000e+03
1.085000000000000000e+03
1.087000000000000000e+03
1.082000000000000000e+03
1.067000000000000000e+03
1.079000000000000000e+03
1.093000000000000000e+03
1.090000000000000000e+03
1.109000000000000000e+03
1.098000000000000000e+03
1.090000000000000000e+03
1.054000000000000000e+03
9.940000000000000000e+02
9.630000000000000000e+02
9.730000000000000000e+02
9.420000000000000000e+02
9.300000000000000000e+02
8.920000000000000000e+02
8.800000000000000000e+02
8.610000000000000000e+02
8.660000000000000000e+02
8.440000000000000000e+02
8.500000000000000000e+02
