8.500000000000000000e+02
8.550000000000000000e+02
8.230000000000000000e+02
8.340000000000000000e+02
8.270000000000000000e+02
8.060000000000000000e+02
7.790000000000000000e+02
7.840000000000000000e+02
8.130000000000000000e+02
8.420000000000000000e+02
8.700000000000000000e+02
8.760000000000000000e+02
9.240000000000000000e+02
9.820000000000000000e+02
1.034000000000000000e+03
1.119000000000000000e+03
1.194000000000000000e+03
1.245000000000000000e+03
1.258000000000000000e+03
1.268000000000000000e+03
1.299000000000000000e+03
1.344000000000000000e+03
1.386000000000000000e+03
1.371000000000000000e+03
1.393000000000000000e+03
1.428000000000000000e+03
1.443000000000000000e+03
1.457000000000000000e+03
1.470000000000000000e+03
1.507000000000000000e+03
1.545000000000000000e+03
1.556000000000000000e+03
