1.480000000000000000e+03
1.456000000000000000e+03
1.462000000000000000e+03
1.458000000000000000e+03
1.434000000000000000e+03
1.431000000000000000e+03
1.430000000000000000e+03
1.425000000000000000e+03
1.395000000000000000e+03
1.412000000000000000e+03
1.373000000000000000e+03
1.359000000000000000e+03
1.334000000000000000e+03
1.325000000000000000e+03
1.328000000000000000e+03
1.287000000000000000e+03
1.275000000000000000e+03
1.239000000000000000e+03
1.214000000000000000e+03
1.147000000000000000e+03
1.137000000000000000e+03
1.096000000000000000e+03
1.050000000000000000e+03
1.031000000000000000e+03
9.990000000000000000e+02
9.890000000000000000e+02
9.780000000000000000e+02
9.660000000000000000e+02
9.320000000000000000e+02
9.430000000000000000e+02
8.870000000000000000e+02
8.610000000000000000e+02
