4.737400000000000000e+04
4.750900000000000000e+04
4.759800000000000000e+04
4.786300000000000000e+04
4.812700000000000000e+04
4.829500000000000000e+04
4.867800000000000000e+04
4.894200000000000000e+04
4.923400000000000000e+04
4.954900000000000000e+04
4.982400000000000000e+04
5.018800000000000000e+04
5.048000000000000000e+04
5.067000000000000000e+04
5.101700000000000000e+04
5.140300000000000000e+04
5.176400000000000000e+04
5.221800000000000000e+04
5.263100000000000000e+04
5.306800000000000000e+04
5.344500000000000000e+04
5.379300000000000000e+04
5.436700000000000000e+04
5.479100000000000000e+04
5.510300000000000000e+04
5.533900000000000000e+04
5.560900000000000000e+04
5.598500000000000000e+04
5.604400000000000000e+04
5.621300000000000000e+04
5.648400000000000000e+04
5.681200000000000000e+04
