2.920000000000000000e+02
3.120000000000000000e+02
3.150000000000000000e+02
3.110000000000000000e+02
3.210000000000000000e+02
3.120000000000000000e+02
3.070000000000000000e+02
2.870000000000000000e+02
2.740000000000000000e+02
2.520000000000000000e+02
2.530000000000000000e+02
2.340000000000000000e+02
2.250000000000000000e+02
2.280000000000000000e+02
2.410000000000000000e+02
2.390000000000000000e+02
2.530000000000000000e+02
2.580000000000000000e+02
3.040000000000000000e+02
3.500000000000000000e+02
3.610000000000000000e+02
4.110000000000000000e+02
4.530000000000000000e+02
4.750000000000000000e+02
4.810000000000000000e+02
5.060000000000000000e+02
5.110000000000000000e+02
5.320000000000000000e+02
5.300000000000000000e+02
5.450000000000000000e+02
5.700000000000000000e+02
5.820000000000000000e+02
