4.570000000000000000e+02
4.180000000000000000e+02
4.010000000000000000e+02
3.980000000000000000e+02
4.000000000000000000e+02
3.930000000000000000e+02
4.220000000000000000e+02
4.570000000000000000e+02
5.090000000000000000e+02
5.670000000000000000e+02
5.840000000000000000e+02
6.270000000000000000e+02
6.850000000000000000e+02
7.100000000000000000e+02
7.120000000000000000e+02
7.200000000000000000e+02
7.370000000000000000e+02
7.750000000000000000e+02
7.760000000000000000e+02
7.860000000000000000e+02
8.190000000000000000e+02
8.620000000000000000e+02
8.710000000000000000e+02
8.990000000000000000e+02
9.540000000000000000e+02
1.023000000000000000e+03
1.081000000000000000e+03
1.117000000000000000e+03
1.168000000000000000e+03
1.201000000000000000e+03
1.240000000000000000e+03
1.272000000000000000e+03
