3.411000000000000000e+03
3.410000000000000000e+03
3.481000000000000000e+03
3.542000000000000000e+03
3.529000000000000000e+03
3.535000000000000000e+03
3.540000000000000000e+03
3.619000000000000000e+03
3.609000000000000000e+03
3.628000000000000000e+03
3.606000000000000000e+03
3.595000000000000000e+03
3.597000000000000000e+03
3.615000000000000000e+03
3.638000000000000000e+03
3.580000000000000000e+03
3.606000000000000000e+03
3.621000000000000000e+03
3.641000000000000000e+03
3.688000000000000000e+03
3.704000000000000000e+03
3.780000000000000000e+03
3.823000000000000000e+03
3.847000000000000000e+03
3.928000000000000000e+03
4.052000000000000000e+03
4.117000000000000000e+03
4.107000000000000000e+03
4.218000000000000000e+03
4.266000000000000000e+03
4.342000000000000000e+03
4.403000000000000000e+03
