6.660000000000000000e+02
6.700000000000000000e+02
6.420000000000000000e+02
6.300000000000000000e+02
6.310000000000000000e+02
6.310000000000000000e+02
6.530000000000000000e+02
6.380000000000000000e+02
6.430000000000000000e+02
6.480000000000000000e+02
6.370000000000000000e+02
6.430000000000000000e+02
6.530000000000000000e+02
6.580000000000000000e+02
6.630000000000000000e+02
6.850000000000000000e+02
6.610000000000000000e+02
6.860000000000000000e+02
6.950000000000000000e+02
7.030000000000000000e+02
6.980000000000000000e+02
6.670000000000000000e+02
6.760000000000000000e+02
6.760000000000000000e+02
6.360000000000000000e+02
6.390000000000000000e+02
6.360000000000000000e+02
6.110000000000000000e+02
6.140000000000000000e+02
6.140000000000000000e+02
6.000000000000000000e+02
5.880000000000000000e+02
