8.200000000000000000e+01
8.100000000000000000e+01
8.100000000000000000e+01
8.300000000000000000e+01
8.200000000000000000e+01
7.300000000000000000e+01
6.600000000000000000e+01
6.400000000000000000e+01
5.900000000000000000e+01
5.300000000000000000e+01
4.700000000000000000e+01
4.300000000000000000e+01
4.100000000000000000e+01
3.600000000000000000e+01
4.400000000000000000e+01
5.000000000000000000e+01
5.600000000000000000e+01
5.200000000000000000e+01
5.600000000000000000e+01
6.400000000000000000e+01
7.500000000000000000e+01
1.110000000000000000e+02
1.130000000000000000e+02
1.290000000000000000e+02
1.160000000000000000e+02
1.300000000000000000e+02
1.320000000000000000e+02
1.340000000000000000e+02
1.370000000000000000e+02
1.400000000000000000e+02
1.370000000000000000e+02
1.440000000000000000e+02
