6.930000000000000000e+02
7.010000000000000000e+02
6.920000000000000000e+02
7.000000000000000000e+02
7.290000000000000000e+02
7.290000000000000000e+02
7.160000000000000000e+02
7.220000000000000000e+02
7.250000000000000000e+02
7.110000000000000000e+02
7.210000000000000000e+02
7.310000000000000000e+02
7.460000000000000000e+02
7.550000000000000000e+02
7.380000000000000000e+02
7.090000000000000000e+02
7.150000000000000000e+02
6.990000000000000000e+02
6.990000000000000000e+02
6.920000000000000000e+02
6.960000000000000000e+02
6.680000000000000000e+02
6.570000000000000000e+02
6.440000000000000000e+02
6.360000000000000000e+02
6.300000000000000000e+02
6.600000000000000000e+02
6.520000000000000000e+02
6.220000000000000000e+02
6.190000000000000000e+02
6.150000000000000000e+02
6.170000000000000000e+02
