4.820000000000000000e+02
4.910000000000000000e+02
4.920000000000000000e+02
4.800000000000000000e+02
4.680000000000000000e+02
4.610000000000000000e+02
4.470000000000000000e+02
4.400000000000000000e+02
4.490000000000000000e+02
4.500000000000000000e+02
4.590000000000000000e+02
4.510000000000000000e+02
4.490000000000000000e+02
4.570000000000000000e+02
4.570000000000000000e+02
4.600000000000000000e+02
4.980000000000000000e+02
5.170000000000000000e+02
5.020000000000000000e+02
5.100000000000000000e+02
5.300000000000000000e+02
5.650000000000000000e+02
5.800000000000000000e+02
5.810000000000000000e+02
6.030000000000000000e+02
6.370000000000000000e+02
6.370000000000000000e+02
6.560000000000000000e+02
6.820000000000000000e+02
6.960000000000000000e+02
6.820000000000000000e+02
6.630000000000000000e+02
