7.340000000000000000e+02
7.310000000000000000e+02
7.470000000000000000e+02
7.450000000000000000e+02
7.220000000000000000e+02
7.080000000000000000e+02
7.140000000000000000e+02
6.870000000000000000e+02
6.900000000000000000e+02
6.790000000000000000e+02
6.720000000000000000e+02
6.600000000000000000e+02
6.410000000000000000e+02
6.210000000000000000e+02
6.160000000000000000e+02
6.130000000000000000e+02
6.430000000000000000e+02
6.340000000000000000e+02
6.260000000000000000e+02
6.230000000000000000e+02
6.180000000000000000e+02
6.140000000000000000e+02
6.220000000000000000e+02
6.430000000000000000e+02
6.490000000000000000e+02
6.470000000000000000e+02
6.040000000000000000e+02
6.150000000000000000e+02
6.260000000000000000e+02
6.320000000000000000e+02
6.110000000000000000e+02
5.970000000000000000e+02
