9.690000000000000000e+02
9.600000000000000000e+02
9.660000000000000000e+02
9.340000000000000000e+02
9.430000000000000000e+02
9.640000000000000000e+02
9.610000000000000000e+02
9.720000000000000000e+02
9.760000000000000000e+02
9.880000000000000000e+02
1.012000000000000000e+03
1.082000000000000000e+03
1.139000000000000000e+03
1.186000000000000000e+03
1.158000000000000000e+03
1.152000000000000000e+03
1.132000000000000000e+03
1.135000000000000000e+03
1.159000000000000000e+03
1.162000000000000000e+03
1.146000000000000000e+03
1.120000000000000000e+03
1.103000000000000000e+03
1.100000000000000000e+03
1.177000000000000000e+03
1.183000000000000000e+03
1.263000000000000000e+03
1.304000000000000000e+03
1.327000000000000000e+03
1.361000000000000000e+03
1.405000000000000000e+03
1.454000000000000000e+03
