2.093100000000000000e+04
2.088800000000000000e+04
2.085900000000000000e+04
2.080400000000000000e+04
2.077200000000000000e+04
2.072200000000000000e+04
2.073400000000000000e+04
2.067100000000000000e+04
2.067300000000000000e+04
2.066400000000000000e+04
2.057700000000000000e+04
2.074300000000000000e+04
2.070800000000000000e+04
2.068700000000000000e+04
2.065300000000000000e+04
2.064900000000000000e+04
2.065800000000000000e+04
2.060400000000000000e+04
2.060700000000000000e+04
2.062900000000000000e+04
2.058400000000000000e+04
2.041500000000000000e+04
2.030000000000000000e+04
2.037500000000000000e+04
2.042700000000000000e+04
2.037100000000000000e+04
2.042100000000000000e+04
2.039700000000000000e+04
2.030000000000000000e+04
2.034600000000000000e+04
2.032800000000000000e+04
2.025000000000000000e+04
