7.780000000000000000e+02
7.780000000000000000e+02
8.030000000000000000e+02
8.270000000000000000e+02
8.360000000000000000e+02
8.460000000000000000e+02
8.360000000000000000e+02
8.150000000000000000e+02
8.150000000000000000e+02
8.310000000000000000e+02
8.320000000000000000e+02
8.400000000000000000e+02
8.370000000000000000e+02
8.360000000000000000e+02
8.250000000000000000e+02
8.100000000000000000e+02
8.220000000000000000e+02
8.410000000000000000e+02
8.460000000000000000e+02
8.410000000000000000e+02
8.240000000000000000e+02
8.030000000000000000e+02
8.230000000000000000e+02
7.900000000000000000e+02
8.160000000000000000e+02
8.230000000000000000e+02
8.190000000000000000e+02
8.270000000000000000e+02
8.390000000000000000e+02
8.640000000000000000e+02
8.970000000000000000e+02
9.560000000000000000e+02
