4.670000000000000000e+02
5.020000000000000000e+02
5.090000000000000000e+02
5.250000000000000000e+02
5.450000000000000000e+02
5.760000000000000000e+02
6.040000000000000000e+02
6.060000000000000000e+02
6.160000000000000000e+02
6.050000000000000000e+02
6.110000000000000000e+02
6.230000000000000000e+02
6.370000000000000000e+02
6.620000000000000000e+02
6.680000000000000000e+02
6.730000000000000000e+02
6.750000000000000000e+02
6.580000000000000000e+02
6.590000000000000000e+02
6.610000000000000000e+02
6.630000000000000000e+02
6.860000000000000000e+02
6.830000000000000000e+02
6.890000000000000000e+02
7.050000000000000000e+02
6.890000000000000000e+02
7.030000000000000000e+02
7.110000000000000000e+02
7.070000000000000000e+02
7.230000000000000000e+02
7.170000000000000000e+02
7.000000000000000000e+02
