2.340000000000000000e+02
2.200000000000000000e+02
2.130000000000000000e+02
2.000000000000000000e+02
2.060000000000000000e+02
2.020000000000000000e+02
2.190000000000000000e+02
2.480000000000000000e+02
2.750000000000000000e+02
3.080000000000000000e+02
3.350000000000000000e+02
3.540000000000000000e+02
3.540000000000000000e+02
3.690000000000000000e+02
3.910000000000000000e+02
4.130000000000000000e+02
4.320000000000000000e+02
4.430000000000000000e+02
4.550000000000000000e+02
4.470000000000000000e+02
4.450000000000000000e+02
4.460000000000000000e+02
4.730000000000000000e+02
5.010000000000000000e+02
5.030000000000000000e+02
5.040000000000000000e+02
5.200000000000000000e+02
4.930000000000000000e+02
4.920000000000000000e+02
4.900000000000000000e+02
4.990000000000000000e+02
5.050000000000000000e+02
