2.583000000000000000e+03
2.576000000000000000e+03
2.558000000000000000e+03
2.596000000000000000e+03
2.603000000000000000e+03
2.509000000000000000e+03
2.489000000000000000e+03
2.447000000000000000e+03
2.451000000000000000e+03
2.397000000000000000e+03
2.424000000000000000e+03
2.463000000000000000e+03
2.464000000000000000e+03
2.443000000000000000e+03
2.461000000000000000e+03
2.534000000000000000e+03
2.571000000000000000e+03
2.629000000000000000e+03
2.763000000000000000e+03
2.851000000000000000e+03
2.931000000000000000e+03
3.024000000000000000e+03
3.110000000000000000e+03
3.138000000000000000e+03
3.162000000000000000e+03
3.153000000000000000e+03
3.192000000000000000e+03
3.162000000000000000e+03
3.142000000000000000e+03
3.111000000000000000e+03
3.093000000000000000e+03
3.071000000000000000e+03
