1.598000000000000000e+03
1.555000000000000000e+03
1.561000000000000000e+03
1.563000000000000000e+03
1.567000000000000000e+03
1.595000000000000000e+03
1.576000000000000000e+03
1.560000000000000000e+03
1.547000000000000000e+03
1.540000000000000000e+03
1.565000000000000000e+03
1.634000000000000000e+03
1.610000000000000000e+03
1.625000000000000000e+03
1.564000000000000000e+03
1.532000000000000000e+03
1.527000000000000000e+03
1.510000000000000000e+03
1.520000000000000000e+03
1.516000000000000000e+03
1.513000000000000000e+03
1.515000000000000000e+03
1.573000000000000000e+03
1.586000000000000000e+03
1.679000000000000000e+03
1.762000000000000000e+03
1.840000000000000000e+03
1.936000000000000000e+03
2.001000000000000000e+03
2.035000000000000000e+03
2.083000000000000000e+03
2.150000000000000000e+03
