3.038200000000000000e+04
3.055200000000000000e+04
3.073600000000000000e+04
3.102200000000000000e+04
3.125500000000000000e+04
3.147800000000000000e+04
3.170200000000000000e+04
3.187600000000000000e+04
3.199900000000000000e+04
3.234100000000000000e+04
3.256700000000000000e+04
3.341200000000000000e+04
3.370200000000000000e+04
3.388200000000000000e+04
3.412000000000000000e+04
3.447000000000000000e+04
3.477900000000000000e+04
3.501800000000000000e+04
3.543400000000000000e+04
3.589600000000000000e+04
3.627800000000000000e+04
3.679500000000000000e+04
3.726200000000000000e+04
3.760400000000000000e+04
3.784900000000000000e+04
3.815600000000000000e+04
3.833300000000000000e+04
3.868400000000000000e+04
3.895700000000000000e+04
3.916100000000000000e+04
3.925400000000000000e+04
3.942300000000000000e+04
