1.821000000000000000e+03
1.811000000000000000e+03
1.768000000000000000e+03
1.758000000000000000e+03
1.744000000000000000e+03
1.762000000000000000e+03
1.790000000000000000e+03
1.805000000000000000e+03
1.752000000000000000e+03
1.770000000000000000e+03
1.757000000000000000e+03
1.818000000000000000e+03
1.833000000000000000e+03
1.859000000000000000e+03
1.862000000000000000e+03
1.849000000000000000e+03
1.808000000000000000e+03
1.822000000000000000e+03
1.911000000000000000e+03
1.980000000000000000e+03
2.002000000000000000e+03
2.115000000000000000e+03
2.203000000000000000e+03
2.246000000000000000e+03
2.328000000000000000e+03
2.380000000000000000e+03
2.409000000000000000e+03
2.466000000000000000e+03
2.516000000000000000e+03
2.498000000000000000e+03
2.544000000000000000e+03
2.526000000000000000e+03
