2.240000000000000000e+03
2.247000000000000000e+03
2.210000000000000000e+03
2.195000000000000000e+03
2.217000000000000000e+03
2.286000000000000000e+03
2.315000000000000000e+03
2.348000000000000000e+03
2.382000000000000000e+03
2.466000000000000000e+03
2.471000000000000000e+03
2.538000000000000000e+03
2.609000000000000000e+03
2.611000000000000000e+03
2.654000000000000000e+03
2.689000000000000000e+03
2.733000000000000000e+03
2.783000000000000000e+03
2.774000000000000000e+03
2.802000000000000000e+03
2.833000000000000000e+03
2.846000000000000000e+03
2.829000000000000000e+03
2.838000000000000000e+03
2.859000000000000000e+03
2.846000000000000000e+03
2.776000000000000000e+03
2.801000000000000000e+03
2.834000000000000000e+03
2.789000000000000000e+03
2.748000000000000000e+03
2.712000000000000000e+03
