2.189000000000000000e+03
2.186000000000000000e+03
2.251000000000000000e+03
2.254000000000000000e+03
2.279000000000000000e+03
2.272000000000000000e+03
2.269000000000000000e+03
2.270000000000000000e+03
2.217000000000000000e+03
2.210000000000000000e+03
2.200000000000000000e+03
2.216000000000000000e+03
2.223000000000000000e+03
2.197000000000000000e+03
2.149000000000000000e+03
2.148000000000000000e+03
2.128000000000000000e+03
2.075000000000000000e+03
2.090000000000000000e+03
2.049000000000000000e+03
2.059000000000000000e+03
2.060000000000000000e+03
2.034000000000000000e+03
2.017000000000000000e+03
2.003000000000000000e+03
2.007000000000000000e+03
2.064000000000000000e+03
2.101000000000000000e+03
2.063000000000000000e+03
2.088000000000000000e+03
2.056000000000000000e+03
2.091000000000000000e+03
