7.800000000000000000e+01
7.000000000000000000e+01
7.900000000000000000e+01
7.900000000000000000e+01
8.300000000000000000e+01
8.500000000000000000e+01
8.400000000000000000e+01
8.700000000000000000e+01
7.700000000000000000e+01
6.900000000000000000e+01
6.300000000000000000e+01
6.900000000000000000e+01
6.700000000000000000e+01
6.400000000000000000e+01
6.900000000000000000e+01
7.400000000000000000e+01
7.600000000000000000e+01
8.600000000000000000e+01
1.000000000000000000e+02
1.080000000000000000e+02
1.320000000000000000e+02
1.280000000000000000e+02
1.370000000000000000e+02
1.450000000000000000e+02
1.470000000000000000e+02
1.480000000000000000e+02
1.500000000000000000e+02
1.520000000000000000e+02
1.560000000000000000e+02
1.640000000000000000e+02
1.630000000000000000e+02
1.670000000000000000e+02
