7.390000000000000000e+02
7.330000000000000000e+02
7.350000000000000000e+02
7.370000000000000000e+02
7.430000000000000000e+02
7.290000000000000000e+02
7.130000000000000000e+02
7.130000000000000000e+02
7.020000000000000000e+02
6.910000000000000000e+02
6.920000000000000000e+02
6.980000000000000000e+02
7.000000000000000000e+02
6.770000000000000000e+02
6.650000000000000000e+02
6.620000000000000000e+02
6.570000000000000000e+02
6.320000000000000000e+02
5.990000000000000000e+02
5.780000000000000000e+02
5.300000000000000000e+02
4.800000000000000000e+02
4.640000000000000000e+02
4.710000000000000000e+02
4.540000000000000000e+02
4.390000000000000000e+02
4.210000000000000000e+02
4.090000000000000000e+02
4.050000000000000000e+02
4.010000000000000000e+02
3.960000000000000000e+02
4.070000000000000000e+02
