1.079200000000000000e+04
1.074600000000000000e+04
1.067600000000000000e+04
1.075400000000000000e+04
1.063800000000000000e+04
1.061600000000000000e+04
1.053900000000000000e+04
1.050800000000000000e+04
1.044400000000000000e+04
1.045600000000000000e+04
1.040200000000000000e+04
1.039900000000000000e+04
1.037700000000000000e+04
1.039100000000000000e+04
1.039300000000000000e+04
1.043200000000000000e+04
1.035100000000000000e+04
1.032600000000000000e+04
1.028400000000000000e+04
1.029400000000000000e+04
1.029800000000000000e+04
1.015500000000000000e+04
1.010700000000000000e+04
1.012000000000000000e+04
1.014400000000000000e+04
1.003100000000000000e+04
9.984000000000000000e+03
9.959000000000000000e+03
9.895000000000000000e+03
9.833000000000000000e+03
9.713000000000000000e+03
9.647000000000000000e+03
