5.990000000000000000e+02
6.210000000000000000e+02
6.340000000000000000e+02
6.470000000000000000e+02
6.390000000000000000e+02
6.390000000000000000e+02
6.040000000000000000e+02
5.840000000000000000e+02
6.020000000000000000e+02
6.160000000000000000e+02
6.040000000000000000e+02
6.030000000000000000e+02
6.020000000000000000e+02
6.040000000000000000e+02
6.100000000000000000e+02
6.330000000000000000e+02
6.830000000000000000e+02
7.060000000000000000e+02
7.090000000000000000e+02
7.160000000000000000e+02
7.370000000000000000e+02
7.470000000000000000e+02
7.450000000000000000e+02
7.520000000000000000e+02
7.650000000000000000e+02
7.720000000000000000e+02
7.840000000000000000e+02
8.170000000000000000e+02
8.370000000000000000e+02
8.420000000000000000e+02
8.500000000000000000e+02
8.460000000000000000e+02
