6.000000000000000000e+01
6.200000000000000000e+01
6.900000000000000000e+01
7.000000000000000000e+01
7.500000000000000000e+01
8.500000000000000000e+01
8.600000000000000000e+01
9.200000000000000000e+01
9.700000000000000000e+01
1.020000000000000000e+02
1.040000000000000000e+02
1.020000000000000000e+02
1.110000000000000000e+02
1.110000000000000000e+02
1.150000000000000000e+02
1.070000000000000000e+02
1.080000000000000000e+02
1.030000000000000000e+02
9.300000000000000000e+01
7.800000000000000000e+01
7.500000000000000000e+01
7.500000000000000000e+01
6.300000000000000000e+01
5.600000000000000000e+01
6.500000000000000000e+01
7.400000000000000000e+01
7.900000000000000000e+01
8.700000000000000000e+01
9.900000000000000000e+01
1.090000000000000000e+02
1.190000000000000000e+02
1.220000000000000000e+02
