1.271000000000000000e+03
1.265000000000000000e+03
1.237000000000000000e+03
1.210000000000000000e+03
1.235000000000000000e+03
1.215000000000000000e+03
1.243000000000000000e+03
1.288000000000000000e+03
1.299000000000000000e+03
1.313000000000000000e+03
1.316000000000000000e+03
1.322000000000000000e+03
1.334000000000000000e+03
1.344000000000000000e+03
1.347000000000000000e+03
1.370000000000000000e+03
1.339000000000000000e+03
1.309000000000000000e+03
1.303000000000000000e+03
1.306000000000000000e+03
1.306000000000000000e+03
1.210000000000000000e+03
1.191000000000000000e+03
1.146000000000000000e+03
1.117000000000000000e+03
1.102000000000000000e+03
1.085000000000000000e+03
1.074000000000000000e+03
1.075000000000000000e+03
1.048000000000000000e+03
1.045000000000000000e+03
1.051000000000000000e+03
