4.910000000000000000e+02
5.300000000000000000e+02
5.580000000000000000e+02
5.890000000000000000e+02
5.680000000000000000e+02
5.510000000000000000e+02
5.230000000000000000e+02
5.320000000000000000e+02
5.220000000000000000e+02
5.060000000000000000e+02
4.910000000000000000e+02
4.820000000000000000e+02
5.040000000000000000e+02
5.070000000000000000e+02
5.320000000000000000e+02
5.500000000000000000e+02
5.850000000000000000e+02
6.040000000000000000e+02
6.090000000000000000e+02
6.440000000000000000e+02
6.500000000000000000e+02
6.990000000000000000e+02
6.770000000000000000e+02
6.770000000000000000e+02
6.430000000000000000e+02
6.310000000000000000e+02
6.120000000000000000e+02
6.130000000000000000e+02
6.050000000000000000e+02
5.910000000000000000e+02
5.960000000000000000e+02
6.050000000000000000e+02
