6.120000000000000000e+02
5.950000000000000000e+02
6.090000000000000000e+02
6.140000000000000000e+02
6.430000000000000000e+02
6.420000000000000000e+02
6.780000000000000000e+02
6.870000000000000000e+02
7.040000000000000000e+02
7.370000000000000000e+02
7.560000000000000000e+02
7.790000000000000000e+02
7.660000000000000000e+02
7.770000000000000000e+02
7.520000000000000000e+02
7.340000000000000000e+02
7.230000000000000000e+02
7.150000000000000000e+02
7.020000000000000000e+02
6.910000000000000000e+02
6.930000000000000000e+02
7.050000000000000000e+02
7.200000000000000000e+02
7.260000000000000000e+02
7.610000000000000000e+02
7.690000000000000000e+02
7.750000000000000000e+02
7.780000000000000000e+02
7.990000000000000000e+02
8.010000000000000000e+02
8.070000000000000000e+02
7.730000000000000000e+02
