1.051000000000000000e+03
1.026000000000000000e+03
1.010000000000000000e+03
1.031000000000000000e+03
1.020000000000000000e+03
1.024000000000000000e+03
1.023000000000000000e+03
1.037000000000000000e+03
1.037000000000000000e+03
1.020000000000000000e+03
1.020000000000000000e+03
1.019000000000000000e+03
9.960000000000000000e+02
9.840000000000000000e+02
9.980000000000000000e+02
9.830000000000000000e+02
9.680000000000000000e+02
9.370000000000000000e+02
9.370000000000000000e+02
9.660000000000000000e+02
9.730000000000000000e+02
9.790000000000000000e+02
9.980000000000000000e+02
1.007000000000000000e+03
9.880000000000000000e+02
1.002000000000000000e+03
1.008000000000000000e+03
1.038000000000000000e+03
1.023000000000000000e+03
9.920000000000000000e+02
1.023000000000000000e+03
1.016000000000000000e+03
