1.800000000000000000e+02
1.920000000000000000e+02
1.840000000000000000e+02
1.860000000000000000e+02
1.910000000000000000e+02
1.920000000000000000e+02
1.840000000000000000e+02
1.730000000000000000e+02
1.700000000000000000e+02
1.510000000000000000e+02
1.420000000000000000e+02
1.280000000000000000e+02
1.190000000000000000e+02
1.200000000000000000e+02
1.300000000000000000e+02
1.300000000000000000e+02
1.440000000000000000e+02
1.570000000000000000e+02
1.820000000000000000e+02
2.000000000000000000e+02
2.140000000000000000e+02
2.440000000000000000e+02
2.590000000000000000e+02
2.620000000000000000e+02
2.760000000000000000e+02
2.740000000000000000e+02
2.840000000000000000e+02
2.710000000000000000e+02
2.750000000000000000e+02
2.870000000000000000e+02
3.020000000000000000e+02
2.850000000000000000e+02
