2.181000000000000000e+03
2.121000000000000000e+03
2.054000000000000000e+03
2.029000000000000000e+03
1.993000000000000000e+03
1.933000000000000000e+03
1.897000000000000000e+03
1.856000000000000000e+03
1.826000000000000000e+03
1.783000000000000000e+03
1.754000000000000000e+03
1.704000000000000000e+03
1.679000000000000000e+03
1.683000000000000000e+03
1.676000000000000000e+03
1.691000000000000000e+03
1.679000000000000000e+03
1.657000000000000000e+03
1.663000000000000000e+03
1.677000000000000000e+03
1.678000000000000000e+03
1.694000000000000000e+03
1.691000000000000000e+03
1.692000000000000000e+03
1.679000000000000000e+03
1.703000000000000000e+03
1.708000000000000000e+03
1.728000000000000000e+03
1.731000000000000000e+03
1.723000000000000000e+03
1.732000000000000000e+03
1.739000000000000000e+03
