1.190000000000000000e+03
1.238000000000000000e+03
1.256000000000000000e+03
1.294000000000000000e+03
1.351000000000000000e+03
1.349000000000000000e+03
1.355000000000000000e+03
1.369000000000000000e+03
1.421000000000000000e+03
1.410000000000000000e+03
1.424000000000000000e+03
1.411000000000000000e+03
1.457000000000000000e+03
1.439000000000000000e+03
1.407000000000000000e+03
1.399000000000000000e+03
1.369000000000000000e+03
1.366000000000000000e+03
1.327000000000000000e+03
1.316000000000000000e+03
1.312000000000000000e+03
1.314000000000000000e+03
1.318000000000000000e+03
1.284000000000000000e+03
1.269000000000000000e+03
1.235000000000000000e+03
1.249000000000000000e+03
1.237000000000000000e+03
1.168000000000000000e+03
1.184000000000000000e+03
1.179000000000000000e+03
1.142000000000000000e+03
