5.290000000000000000e+02
5.500000000000000000e+02
5.600000000000000000e+02
5.700000000000000000e+02
5.590000000000000000e+02
5.440000000000000000e+02
5.490000000000000000e+02
5.420000000000000000e+02
5.410000000000000000e+02
5.510000000000000000e+02
5.670000000000000000e+02
5.650000000000000000e+02
5.580000000000000000e+02
5.580000000000000000e+02
5.880000000000000000e+02
5.910000000000000000e+02
5.790000000000000000e+02
6.000000000000000000e+02
6.080000000000000000e+02
6.520000000000000000e+02
6.790000000000000000e+02
7.190000000000000000e+02
7.420000000000000000e+02
7.660000000000000000e+02
7.870000000000000000e+02
8.110000000000000000e+02
8.490000000000000000e+02
8.290000000000000000e+02
8.500000000000000000e+02
8.510000000000000000e+02
8.650000000000000000e+02
8.490000000000000000e+02
