2.156000000000000000e+03
2.118000000000000000e+03
2.067000000000000000e+03
2.075000000000000000e+03
2.007000000000000000e+03
1.946000000000000000e+03
1.947000000000000000e+03
1.938000000000000000e+03
1.911000000000000000e+03
1.888000000000000000e+03
1.857000000000000000e+03
1.828000000000000000e+03
1.791000000000000000e+03
1.786000000000000000e+03
1.779000000000000000e+03
1.752000000000000000e+03
1.753000000000000000e+03
1.767000000000000000e+03
1.766000000000000000e+03
1.799000000000000000e+03
1.829000000000000000e+03
1.863000000000000000e+03
1.926000000000000000e+03
1.965000000000000000e+03
1.980000000000000000e+03
1.999000000000000000e+03
2.026000000000000000e+03
1.994000000000000000e+03
2.002000000000000000e+03
2.028000000000000000e+03
2.089000000000000000e+03
2.093000000000000000e+03
