2.404000000000000000e+03
2.355000000000000000e+03
2.351000000000000000e+03
2.308000000000000000e+03
2.313000000000000000e+03
2.288000000000000000e+03
2.263000000000000000e+03
2.191000000000000000e+03
2.179000000000000000e+03
2.160000000000000000e+03
2.132000000000000000e+03
2.137000000000000000e+03
2.102000000000000000e+03
2.082000000000000000e+03
2.023000000000000000e+03
1.955000000000000000e+03
1.929000000000000000e+03
1.910000000000000000e+03
1.859000000000000000e+03
1.782000000000000000e+03
1.710000000000000000e+03
1.632000000000000000e+03
1.573000000000000000e+03
1.535000000000000000e+03
1.508000000000000000e+03
1.489000000000000000e+03
1.431000000000000000e+03
1.417000000000000000e+03
1.394000000000000000e+03
1.400000000000000000e+03
1.369000000000000000e+03
1.369000000000000000e+03
