3.020000000000000000e+02
3.230000000000000000e+02
3.400000000000000000e+02
3.460000000000000000e+02
3.650000000000000000e+02
3.540000000000000000e+02
3.500000000000000000e+02
3.300000000000000000e+02
3.110000000000000000e+02
2.810000000000000000e+02
2.660000000000000000e+02
2.460000000000000000e+02
2.240000000000000000e+02
2.060000000000000000e+02
2.070000000000000000e+02
2.190000000000000000e+02
2.310000000000000000e+02
2.570000000000000000e+02
2.760000000000000000e+02
2.960000000000000000e+02
3.120000000000000000e+02
3.060000000000000000e+02
3.200000000000000000e+02
3.410000000000000000e+02
3.450000000000000000e+02
3.580000000000000000e+02
3.740000000000000000e+02
3.790000000000000000e+02
3.900000000000000000e+02
4.190000000000000000e+02
4.450000000000000000e+02
4.490000000000000000e+02
