2.027000000000000000e+03
2.033000000000000000e+03
2.078000000000000000e+03
2.127000000000000000e+03
2.178000000000000000e+03
2.182000000000000000e+03
2.239000000000000000e+03
2.300000000000000000e+03
2.337000000000000000e+03
2.356000000000000000e+03
2.385000000000000000e+03
2.403000000000000000e+03
2.403000000000000000e+03
2.417000000000000000e+03
2.426000000000000000e+03
2.462000000000000000e+03
2.454000000000000000e+03
2.431000000000000000e+03
2.436000000000000000e+03
2.444000000000000000e+03
2.427000000000000000e+03
2.351000000000000000e+03
2.386000000000000000e+03
2.327000000000000000e+03
2.306000000000000000e+03
2.283000000000000000e+03
2.252000000000000000e+03
2.186000000000000000e+03
2.162000000000000000e+03
2.132000000000000000e+03
2.103000000000000000e+03
2.085000000000000000e+03
