4.142000000000000000e+03
4.182000000000000000e+03
4.196000000000000000e+03
4.258000000000000000e+03
4.300000000000000000e+03
4.324000000000000000e+03
4.358000000000000000e+03
4.404000000000000000e+03
4.452000000000000000e+03
4.538000000000000000e+03
4.580000000000000000e+03
4.662000000000000000e+03
4.689000000000000000e+03
4.751000000000000000e+03
4.795000000000000000e+03
4.846000000000000000e+03
4.890000000000000000e+03
4.986000000000000000e+03
5.033000000000000000e+03
5.068000000000000000e+03
5.097000000000000000e+03
5.147000000000000000e+03
5.186000000000000000e+03
5.255000000000000000e+03
5.270000000000000000e+03
5.265000000000000000e+03
5.262000000000000000e+03
5.307000000000000000e+03
5.385000000000000000e+03
5.491000000000000000e+03
5.609000000000000000e+03
5.648000000000000000e+03
