2.782000000000000000e+03
2.754000000000000000e+03
2.694000000000000000e+03
2.637000000000000000e+03
2.668000000000000000e+03
2.609000000000000000e+03
2.584000000000000000e+03
2.540000000000000000e+03
2.489000000000000000e+03
2.456000000000000000e+03
2.416000000000000000e+03
2.398000000000000000e+03
2.422000000000000000e+03
2.424000000000000000e+03
2.403000000000000000e+03
2.387000000000000000e+03
2.368000000000000000e+03
2.368000000000000000e+03
2.398000000000000000e+03
2.419000000000000000e+03
2.403000000000000000e+03
2.334000000000000000e+03
2.267000000000000000e+03
2.191000000000000000e+03
2.147000000000000000e+03
2.096000000000000000e+03
2.053000000000000000e+03
2.013000000000000000e+03
1.996000000000000000e+03
1.952000000000000000e+03
1.956000000000000000e+03
1.972000000000000000e+03
