1.555000000000000000e+03
1.553000000000000000e+03
1.576000000000000000e+03
1.608000000000000000e+03
1.579000000000000000e+03
1.537000000000000000e+03
1.472000000000000000e+03
1.438000000000000000e+03
1.447000000000000000e+03
1.497000000000000000e+03
1.501000000000000000e+03
1.525000000000000000e+03
1.547000000000000000e+03
1.535000000000000000e+03
1.589000000000000000e+03
1.647000000000000000e+03
1.774000000000000000e+03
1.871000000000000000e+03
1.937000000000000000e+03
1.987000000000000000e+03
2.071000000000000000e+03
2.169000000000000000e+03
2.208000000000000000e+03
2.291000000000000000e+03
2.332000000000000000e+03
2.408000000000000000e+03
2.413000000000000000e+03
2.441000000000000000e+03
2.436000000000000000e+03
2.448000000000000000e+03
2.404000000000000000e+03
2.411000000000000000e+03
