1.017000000000000000e+03
1.046000000000000000e+03
1.080000000000000000e+03
1.096000000000000000e+03
1.116000000000000000e+03
1.162000000000000000e+03
1.189000000000000000e+03
1.192000000000000000e+03
1.191000000000000000e+03
1.236000000000000000e+03
1.228000000000000000e+03
1.246000000000000000e+03
1.261000000000000000e+03
1.272000000000000000e+03
1.268000000000000000e+03
1.252000000000000000e+03
1.249000000000000000e+03
1.260000000000000000e+03
1.275000000000000000e+03
1.274000000000000000e+03
1.258000000000000000e+03
1.263000000000000000e+03
1.253000000000000000e+03
1.253000000000000000e+03
1.301000000000000000e+03
1.310000000000000000e+03
1.315000000000000000e+03
1.318000000000000000e+03
1.315000000000000000e+03
1.323000000000000000e+03
1.336000000000000000e+03
1.324000000000000000e+03
