2.415000000000000000e+03
2.410000000000000000e+03
2.397000000000000000e+03
2.333000000000000000e+03
2.282000000000000000e+03
2.287000000000000000e+03
2.258000000000000000e+03
2.210000000000000000e+03
2.167000000000000000e+03
2.130000000000000000e+03
2.162000000000000000e+03
2.147000000000000000e+03
2.174000000000000000e+03
2.153000000000000000e+03
2.160000000000000000e+03
2.152000000000000000e+03
2.129000000000000000e+03
2.110000000000000000e+03
2.075000000000000000e+03
2.030000000000000000e+03
1.998000000000000000e+03
1.966000000000000000e+03
1.869000000000000000e+03
1.835000000000000000e+03
1.788000000000000000e+03
1.787000000000000000e+03
1.743000000000000000e+03
1.701000000000000000e+03
1.691000000000000000e+03
1.693000000000000000e+03
1.668000000000000000e+03
1.668000000000000000e+03
