1.083000000000000000e+03
1.054000000000000000e+03
1.057000000000000000e+03
1.070000000000000000e+03
1.051000000000000000e+03
1.045000000000000000e+03
1.039000000000000000e+03
1.021000000000000000e+03
9.970000000000000000e+02
9.830000000000000000e+02
9.860000000000000000e+02
8.920000000000000000e+02
8.670000000000000000e+02
8.310000000000000000e+02
7.920000000000000000e+02
7.510000000000000000e+02
7.200000000000000000e+02
6.980000000000000000e+02
7.160000000000000000e+02
7.540000000000000000e+02
7.520000000000000000e+02
7.950000000000000000e+02
8.450000000000000000e+02
8.690000000000000000e+02
9.430000000000000000e+02
1.038000000000000000e+03
1.110000000000000000e+03
1.159000000000000000e+03
1.186000000000000000e+03
1.221000000000000000e+03
1.238000000000000000e+03
1.301000000000000000e+03
