3.300000000000000000e+01
3.600000000000000000e+01
3.900000000000000000e+01
4.900000000000000000e+01
5.300000000000000000e+01
6.200000000000000000e+01
6.300000000000000000e+01
5.500000000000000000e+01
5.700000000000000000e+01
5.800000000000000000e+01
5.700000000000000000e+01
4.700000000000000000e+01
5.000000000000000000e+01
5.000000000000000000e+01
4.400000000000000000e+01
3.800000000000000000e+01
3.700000000000000000e+01
3.100000000000000000e+01
3.300000000000000000e+01
2.600000000000000000e+01
2.800000000000000000e+01
2.800000000000000000e+01
2.700000000000000000e+01
2.500000000000000000e+01
3.100000000000000000e+01
3.700000000000000000e+01
4.100000000000000000e+01
4.700000000000000000e+01
4.900000000000000000e+01
5.100000000000000000e+01
5.800000000000000000e+01
6.500000000000000000e+01
