8.640000000000000000e+02
9.120000000000000000e+02
9.600000000000000000e+02
9.930000000000000000e+02
1.072000000000000000e+03
1.174000000000000000e+03
1.242000000000000000e+03
1.306000000000000000e+03
1.351000000000000000e+03
1.387000000000000000e+03
1.439000000000000000e+03
1.430000000000000000e+03
1.442000000000000000e+03
1.498000000000000000e+03
1.523000000000000000e+03
1.547000000000000000e+03
1.575000000000000000e+03
1.602000000000000000e+03
1.622000000000000000e+03
1.594000000000000000e+03
1.616000000000000000e+03
1.561000000000000000e+03
1.562000000000000000e+03
1.528000000000000000e+03
1.504000000000000000e+03
1.472000000000000000e+03
1.471000000000000000e+03
1.449000000000000000e+03
1.427000000000000000e+03
1.442000000000000000e+03
1.415000000000000000e+03
1.402000000000000000e+03
