2.769000000000000000e+03
2.751000000000000000e+03
2.729000000000000000e+03
2.727000000000000000e+03
2.720000000000000000e+03
2.671000000000000000e+03
2.666000000000000000e+03
2.629000000000000000e+03
2.607000000000000000e+03
2.535000000000000000e+03
2.461000000000000000e+03
2.380000000000000000e+03
2.320000000000000000e+03
2.271000000000000000e+03
2.193000000000000000e+03
2.146000000000000000e+03
2.098000000000000000e+03
2.063000000000000000e+03
2.046000000000000000e+03
2.044000000000000000e+03
2.007000000000000000e+03
2.009000000000000000e+03
2.041000000000000000e+03
2.040000000000000000e+03
2.070000000000000000e+03
2.097000000000000000e+03
2.083000000000000000e+03
2.078000000000000000e+03
2.096000000000000000e+03
2.133000000000000000e+03
2.171000000000000000e+03
2.168000000000000000e+03
