1.856000000000000000e+03
1.852000000000000000e+03
1.872000000000000000e+03
1.873000000000000000e+03
1.887000000000000000e+03
1.899000000000000000e+03
1.881000000000000000e+03
1.868000000000000000e+03
1.861000000000000000e+03
1.874000000000000000e+03
1.896000000000000000e+03
1.910000000000000000e+03
1.914000000000000000e+03
1.943000000000000000e+03
1.981000000000000000e+03
1.994000000000000000e+03
2.040000000000000000e+03
2.058000000000000000e+03
2.068000000000000000e+03
2.113000000000000000e+03
2.171000000000000000e+03
2.253000000000000000e+03
2.294000000000000000e+03
2.385000000000000000e+03
2.429000000000000000e+03
2.532000000000000000e+03
2.586000000000000000e+03
2.686000000000000000e+03
2.730000000000000000e+03
2.764000000000000000e+03
2.830000000000000000e+03
2.838000000000000000e+03
