4.716900000000000000e+04
4.713100000000000000e+04
4.715900000000000000e+04
4.761100000000000000e+04
4.790500000000000000e+04
4.824500000000000000e+04
4.825100000000000000e+04
4.829700000000000000e+04
4.845300000000000000e+04
4.852700000000000000e+04
4.859500000000000000e+04
4.888500000000000000e+04
4.894300000000000000e+04
4.896500000000000000e+04
4.909000000000000000e+04
4.927200000000000000e+04
4.947900000000000000e+04
4.982700000000000000e+04
4.980000000000000000e+04
5.014500000000000000e+04
5.070800000000000000e+04
5.070800000000000000e+04
5.135400000000000000e+04
5.191500000000000000e+04
5.221200000000000000e+04
5.254800000000000000e+04
5.270000000000000000e+04
5.281100000000000000e+04
5.303700000000000000e+04
5.315500000000000000e+04
5.332200000000000000e+04
5.363700000000000000e+04
