2.840000000000000000e+03
2.843000000000000000e+03
2.816000000000000000e+03
2.735000000000000000e+03
2.652000000000000000e+03
2.533000000000000000e+03
2.410000000000000000e+03
2.410000000000000000e+03
2.480000000000000000e+03
2.546000000000000000e+03
2.594000000000000000e+03
2.722000000000000000e+03
2.834000000000000000e+03
3.003000000000000000e+03
3.181000000000000000e+03
3.385000000000000000e+03
3.601000000000000000e+03
3.694000000000000000e+03
3.746000000000000000e+03
3.851000000000000000e+03
3.988000000000000000e+03
4.031000000000000000e+03
4.073000000000000000e+03
4.092000000000000000e+03
4.115000000000000000e+03
4.165000000000000000e+03
4.162000000000000000e+03
4.196000000000000000e+03
4.257000000000000000e+03
4.241000000000000000e+03
4.165000000000000000e+03
4.171000000000000000e+03
