5.088000000000000000e+03
5.005000000000000000e+03
4.971000000000000000e+03
4.904000000000000000e+03
4.800000000000000000e+03
4.755000000000000000e+03
4.753000000000000000e+03
4.744000000000000000e+03
4.668000000000000000e+03
4.577000000000000000e+03
4.512000000000000000e+03
4.384000000000000000e+03
4.269000000000000000e+03
4.226000000000000000e+03
4.151000000000000000e+03
4.061000000000000000e+03
3.992000000000000000e+03
3.925000000000000000e+03
3.910000000000000000e+03
3.899000000000000000e+03
3.888000000000000000e+03
3.911000000000000000e+03
3.890000000000000000e+03
3.888000000000000000e+03
3.905000000000000000e+03
3.941000000000000000e+03
3.944000000000000000e+03
3.942000000000000000e+03
3.908000000000000000e+03
3.883000000000000000e+03
3.930000000000000000e+03
3.879000000000000000e+03
