5.570000000000000000e+02
5.730000000000000000e+02
5.910000000000000000e+02
6.080000000000000000e+02
6.040000000000000000e+02
5.980000000000000000e+02
5.840000000000000000e+02
5.570000000000000000e+02
5.160000000000000000e+02
4.880000000000000000e+02
4.580000000000000000e+02
4.400000000000000000e+02
4.150000000000000000e+02
4.220000000000000000e+02
4.560000000000000000e+02
4.990000000000000000e+02
5.430000000000000000e+02
5.790000000000000000e+02
6.170000000000000000e+02
6.520000000000000000e+02
7.010000000000000000e+02
7.260000000000000000e+02
7.960000000000000000e+02
8.110000000000000000e+02
8.340000000000000000e+02
8.630000000000000000e+02
8.930000000000000000e+02
9.120000000000000000e+02
9.380000000000000000e+02
9.600000000000000000e+02
1.014000000000000000e+03
1.042000000000000000e+03
