5.230000000000000000e+04
5.230600000000000000e+04
5.206300000000000000e+04
5.267400000000000000e+04
5.274100000000000000e+04
5.271900000000000000e+04
5.264600000000000000e+04
5.272200000000000000e+04
5.275600000000000000e+04
5.274300000000000000e+04
5.277500000000000000e+04
5.290400000000000000e+04
5.285000000000000000e+04
5.302400000000000000e+04
5.289700000000000000e+04
5.300200000000000000e+04
5.318200000000000000e+04
5.343000000000000000e+04
5.335100000000000000e+04
5.362700000000000000e+04
5.393200000000000000e+04
5.391700000000000000e+04
5.417300000000000000e+04
5.442100000000000000e+04
5.461200000000000000e+04
5.467200000000000000e+04
5.474600000000000000e+04
5.479600000000000000e+04
5.479000000000000000e+04
5.468700000000000000e+04
5.451000000000000000e+04
5.434200000000000000e+04
