1.449000000000000000e+03
1.544000000000000000e+03
1.664000000000000000e+03
1.742000000000000000e+03
1.787000000000000000e+03
1.824000000000000000e+03
1.852000000000000000e+03
1.910000000000000000e+03
1.951000000000000000e+03
2.018000000000000000e+03
2.046000000000000000e+03
2.112000000000000000e+03
2.127000000000000000e+03
2.179000000000000000e+03
2.228000000000000000e+03
2.326000000000000000e+03
2.422000000000000000e+03
2.537000000000000000e+03
2.597000000000000000e+03
2.623000000000000000e+03
2.651000000000000000e+03
2.631000000000000000e+03
2.683000000000000000e+03
2.727000000000000000e+03
2.722000000000000000e+03
2.721000000000000000e+03
2.742000000000000000e+03
2.730000000000000000e+03
2.788000000000000000e+03
2.843000000000000000e+03
2.876000000000000000e+03
2.929000000000000000e+03
