5.835000000000000000e+03
5.803000000000000000e+03
5.766000000000000000e+03
5.836000000000000000e+03
5.867000000000000000e+03
5.846000000000000000e+03
5.838000000000000000e+03
5.831000000000000000e+03
5.796000000000000000e+03
5.779000000000000000e+03
5.785000000000000000e+03
5.777000000000000000e+03
5.735000000000000000e+03
5.710000000000000000e+03
5.646000000000000000e+03
5.634000000000000000e+03
5.548000000000000000e+03
5.430000000000000000e+03
5.347000000000000000e+03
5.319000000000000000e+03
5.271000000000000000e+03
5.249000000000000000e+03
5.276000000000000000e+03
5.184000000000000000e+03
5.174000000000000000e+03
5.087000000000000000e+03
5.034000000000000000e+03
5.016000000000000000e+03
4.900000000000000000e+03
4.757000000000000000e+03
4.637000000000000000e+03
4.461000000000000000e+03
