2.243000000000000000e+03
2.272000000000000000e+03
2.235000000000000000e+03
2.212000000000000000e+03
2.196000000000000000e+03
2.164000000000000000e+03
2.156000000000000000e+03
2.155000000000000000e+03
2.152000000000000000e+03
2.185000000000000000e+03
2.141000000000000000e+03
2.104000000000000000e+03
2.072000000000000000e+03
2.065000000000000000e+03
2.018000000000000000e+03
2.017000000000000000e+03
2.023000000000000000e+03
2.006000000000000000e+03
1.986000000000000000e+03
1.968000000000000000e+03
1.990000000000000000e+03
1.959000000000000000e+03
2.029000000000000000e+03
2.010000000000000000e+03
2.034000000000000000e+03
2.028000000000000000e+03
2.008000000000000000e+03
2.021000000000000000e+03
2.040000000000000000e+03
2.061000000000000000e+03
2.058000000000000000e+03
2.040000000000000000e+03
