5.070000000000000000e+03
4.966000000000000000e+03
4.875000000000000000e+03
4.784000000000000000e+03
4.717000000000000000e+03
4.646000000000000000e+03
4.603000000000000000e+03
4.543000000000000000e+03
4.503000000000000000e+03
4.443000000000000000e+03
4.399000000000000000e+03
4.332000000000000000e+03
4.252000000000000000e+03
4.171000000000000000e+03
4.122000000000000000e+03
4.116000000000000000e+03
4.078000000000000000e+03
4.046000000000000000e+03
4.057000000000000000e+03
4.053000000000000000e+03
4.066000000000000000e+03
4.021000000000000000e+03
4.019000000000000000e+03
4.048000000000000000e+03
4.102000000000000000e+03
4.101000000000000000e+03
4.142000000000000000e+03
4.130000000000000000e+03
4.216000000000000000e+03
4.252000000000000000e+03
4.266000000000000000e+03
4.270000000000000000e+03
