3.730000000000000000e+02
3.600000000000000000e+02
3.460000000000000000e+02
3.360000000000000000e+02
3.430000000000000000e+02
3.420000000000000000e+02
3.620000000000000000e+02
3.980000000000000000e+02
4.240000000000000000e+02
4.330000000000000000e+02
4.660000000000000000e+02
5.100000000000000000e+02
5.460000000000000000e+02
5.950000000000000000e+02
6.170000000000000000e+02
6.380000000000000000e+02
6.550000000000000000e+02
6.620000000000000000e+02
6.630000000000000000e+02
6.690000000000000000e+02
6.620000000000000000e+02
6.410000000000000000e+02
6.350000000000000000e+02
6.320000000000000000e+02
6.580000000000000000e+02
6.670000000000000000e+02
6.840000000000000000e+02
6.880000000000000000e+02
7.040000000000000000e+02
6.960000000000000000e+02
7.080000000000000000e+02
7.250000000000000000e+02
