6.000000000000000000e+01
6.500000000000000000e+01
6.700000000000000000e+01
6.800000000000000000e+01
7.300000000000000000e+01
7.500000000000000000e+01
8.000000000000000000e+01
8.600000000000000000e+01
8.800000000000000000e+01
9.400000000000000000e+01
9.400000000000000000e+01
8.900000000000000000e+01
9.300000000000000000e+01
9.300000000000000000e+01
9.800000000000000000e+01
9.000000000000000000e+01
8.700000000000000000e+01
8.100000000000000000e+01
8.300000000000000000e+01
8.100000000000000000e+01
8.000000000000000000e+01
8.500000000000000000e+01
7.800000000000000000e+01
7.100000000000000000e+01
7.200000000000000000e+01
7.300000000000000000e+01
8.400000000000000000e+01
9.100000000000000000e+01
9.600000000000000000e+01
1.010000000000000000e+02
1.160000000000000000e+02
1.360000000000000000e+02
