1.440000000000000000e+03
1.417000000000000000e+03
1.393000000000000000e+03
1.410000000000000000e+03
1.374000000000000000e+03
1.330000000000000000e+03
1.321000000000000000e+03
1.329000000000000000e+03
1.358000000000000000e+03
1.380000000000000000e+03
1.381000000000000000e+03
1.438000000000000000e+03
1.438000000000000000e+03
1.449000000000000000e+03
1.509000000000000000e+03
1.590000000000000000e+03
1.689000000000000000e+03
1.740000000000000000e+03
1.749000000000000000e+03
1.785000000000000000e+03
1.847000000000000000e+03
1.870000000000000000e+03
1.904000000000000000e+03
1.939000000000000000e+03
1.967000000000000000e+03
2.027000000000000000e+03
2.023000000000000000e+03
2.069000000000000000e+03
2.112000000000000000e+03
2.155000000000000000e+03
2.172000000000000000e+03
2.166000000000000000e+03
