1.696000000000000000e+03
1.655000000000000000e+03
1.626000000000000000e+03
1.572000000000000000e+03
1.502000000000000000e+03
1.485000000000000000e+03
1.456000000000000000e+03
1.436000000000000000e+03
1.427000000000000000e+03
1.414000000000000000e+03
1.409000000000000000e+03
1.370000000000000000e+03
1.329000000000000000e+03
1.318000000000000000e+03
1.333000000000000000e+03
1.337000000000000000e+03
1.309000000000000000e+03
1.312000000000000000e+03
1.319000000000000000e+03
1.324000000000000000e+03
1.320000000000000000e+03
1.327000000000000000e+03
1.315000000000000000e+03
1.310000000000000000e+03
1.318000000000000000e+03
1.305000000000000000e+03
1.303000000000000000e+03
1.300000000000000000e+03
1.320000000000000000e+03
1.331000000000000000e+03
1.332000000000000000e+03
1.332000000000000000e+03
