3.848000000000000000e+03
3.894000000000000000e+03
3.937000000000000000e+03
3.971000000000000000e+03
4.009000000000000000e+03
4.065000000000000000e+03
4.088000000000000000e+03
4.132000000000000000e+03
4.200000000000000000e+03
4.219000000000000000e+03
4.249000000000000000e+03
4.259000000000000000e+03
4.310000000000000000e+03
4.333000000000000000e+03
4.372000000000000000e+03
4.406000000000000000e+03
4.399000000000000000e+03
4.429000000000000000e+03
4.446000000000000000e+03
4.472000000000000000e+03
4.516000000000000000e+03
4.505000000000000000e+03
4.521000000000000000e+03
4.556000000000000000e+03
4.544000000000000000e+03
4.531000000000000000e+03
4.510000000000000000e+03
4.528000000000000000e+03
4.587000000000000000e+03
4.631000000000000000e+03
4.671000000000000000e+03
4.707000000000000000e+03
