2.168000000000000000e+03
2.121000000000000000e+03
2.064000000000000000e+03
2.058000000000000000e+03
1.990000000000000000e+03
1.981000000000000000e+03
1.974000000000000000e+03
1.966000000000000000e+03
1.937000000000000000e+03
1.907000000000000000e+03
1.934000000000000000e+03
1.954000000000000000e+03
1.975000000000000000e+03
1.962000000000000000e+03
1.979000000000000000e+03
1.991000000000000000e+03
1.963000000000000000e+03
1.983000000000000000e+03
2.020000000000000000e+03
2.039000000000000000e+03
2.044000000000000000e+03
2.028000000000000000e+03
2.018000000000000000e+03
2.063000000000000000e+03
2.152000000000000000e+03
2.170000000000000000e+03
2.151000000000000000e+03
2.113000000000000000e+03
2.152000000000000000e+03
2.138000000000000000e+03
2.153000000000000000e+03
2.184000000000000000e+03
