1.934000000000000000e+03
2.001000000000000000e+03
2.018000000000000000e+03
2.090000000000000000e+03
2.104000000000000000e+03
2.153000000000000000e+03
2.148000000000000000e+03
2.193000000000000000e+03
2.221000000000000000e+03
2.280000000000000000e+03
2.270000000000000000e+03
2.265000000000000000e+03
2.265000000000000000e+03
2.285000000000000000e+03
2.289000000000000000e+03
2.309000000000000000e+03
2.283000000000000000e+03
2.257000000000000000e+03
2.243000000000000000e+03
2.225000000000000000e+03
2.220000000000000000e+03
2.255000000000000000e+03
2.271000000000000000e+03
2.232000000000000000e+03
2.226000000000000000e+03
2.200000000000000000e+03
2.237000000000000000e+03
2.210000000000000000e+03
2.210000000000000000e+03
2.213000000000000000e+03
2.214000000000000000e+03
2.179000000000000000e+03
