2.279000000000000000e+03
2.282000000000000000e+03
2.270000000000000000e+03
2.310000000000000000e+03
2.304000000000000000e+03
2.321000000000000000e+03
2.279000000000000000e+03
2.273000000000000000e+03
2.237000000000000000e+03
2.228000000000000000e+03
2.218000000000000000e+03
2.259000000000000000e+03
2.216000000000000000e+03
2.199000000000000000e+03
2.214000000000000000e+03
2.166000000000000000e+03
2.192000000000000000e+03
2.180000000000000000e+03
2.178000000000000000e+03
2.195000000000000000e+03
2.196000000000000000e+03
2.132000000000000000e+03
2.107000000000000000e+03
2.101000000000000000e+03
2.063000000000000000e+03
2.065000000000000000e+03
2.062000000000000000e+03
2.023000000000000000e+03
1.993000000000000000e+03
1.999000000000000000e+03
2.028000000000000000e+03
2.012000000000000000e+03
