9.650000000000000000e+02
9.580000000000000000e+02
9.640000000000000000e+02
9.380000000000000000e+02
9.380000000000000000e+02
9.440000000000000000e+02
9.370000000000000000e+02
9.220000000000000000e+02
9.260000000000000000e+02
9.400000000000000000e+02
9.770000000000000000e+02
9.700000000000000000e+02
9.830000000000000000e+02
1.009000000000000000e+03
1.000000000000000000e+03
1.003000000000000000e+03
9.830000000000000000e+02
9.840000000000000000e+02
1.007000000000000000e+03
1.004000000000000000e+03
9.770000000000000000e+02
9.740000000000000000e+02
9.830000000000000000e+02
9.670000000000000000e+02
9.920000000000000000e+02
1.021000000000000000e+03
1.074000000000000000e+03
1.118000000000000000e+03
1.122000000000000000e+03
1.118000000000000000e+03
1.155000000000000000e+03
1.186000000000000000e+03
