3.290000000000000000e+03
3.226000000000000000e+03
3.200000000000000000e+03
3.157000000000000000e+03
3.096000000000000000e+03
3.044000000000000000e+03
3.000000000000000000e+03
2.979000000000000000e+03
2.930000000000000000e+03
2.876000000000000000e+03
2.878000000000000000e+03
2.842000000000000000e+03
2.801000000000000000e+03
2.760000000000000000e+03
2.706000000000000000e+03
2.678000000000000000e+03
2.637000000000000000e+03
2.599000000000000000e+03
2.585000000000000000e+03
2.561000000000000000e+03
2.540000000000000000e+03
2.512000000000000000e+03
2.515000000000000000e+03
2.463000000000000000e+03
2.441000000000000000e+03
2.438000000000000000e+03
2.447000000000000000e+03
2.460000000000000000e+03
2.480000000000000000e+03
2.462000000000000000e+03
2.461000000000000000e+03
2.463000000000000000e+03
