2.687000000000000000e+03
2.720000000000000000e+03
2.727000000000000000e+03
2.765000000000000000e+03
2.791000000000000000e+03
2.809000000000000000e+03
2.822000000000000000e+03
2.855000000000000000e+03
2.882000000000000000e+03
2.883000000000000000e+03
2.883000000000000000e+03
2.907000000000000000e+03
2.919000000000000000e+03
2.931000000000000000e+03
2.955000000000000000e+03
2.949000000000000000e+03
2.953000000000000000e+03
2.966000000000000000e+03
3.001000000000000000e+03
3.029000000000000000e+03
3.071000000000000000e+03
3.125000000000000000e+03
3.146000000000000000e+03
3.191000000000000000e+03
3.182000000000000000e+03
3.203000000000000000e+03
3.190000000000000000e+03
3.208000000000000000e+03
3.247000000000000000e+03
3.269000000000000000e+03
3.261000000000000000e+03
3.286000000000000000e+03
