1.446000000000000000e+03
1.439000000000000000e+03
1.462000000000000000e+03
1.453000000000000000e+03
1.448000000000000000e+03
1.446000000000000000e+03
1.447000000000000000e+03
1.462000000000000000e+03
1.461000000000000000e+03
1.446000000000000000e+03
1.440000000000000000e+03
1.410000000000000000e+03
1.393000000000000000e+03
1.370000000000000000e+03
1.390000000000000000e+03
1.382000000000000000e+03
1.359000000000000000e+03
1.346000000000000000e+03
1.371000000000000000e+03
1.382000000000000000e+03
1.377000000000000000e+03
1.356000000000000000e+03
1.359000000000000000e+03
1.326000000000000000e+03
1.318000000000000000e+03
1.330000000000000000e+03
1.322000000000000000e+03
1.314000000000000000e+03
1.296000000000000000e+03
1.313000000000000000e+03
1.294000000000000000e+03
1.293000000000000000e+03
