1.167000000000000000e+03
1.121000000000000000e+03
1.121000000000000000e+03
1.099000000000000000e+03
1.086000000000000000e+03
1.089000000000000000e+03
1.064000000000000000e+03
1.034000000000000000e+03
1.054000000000000000e+03
1.038000000000000000e+03
9.980000000000000000e+02
9.900000000000000000e+02
9.590000000000000000e+02
9.540000000000000000e+02
9.550000000000000000e+02
9.320000000000000000e+02
9.290000000000000000e+02
9.390000000000000000e+02
9.320000000000000000e+02
9.120000000000000000e+02
9.360000000000000000e+02
9.550000000000000000e+02
9.400000000000000000e+02
9.350000000000000000e+02
9.260000000000000000e+02
9.160000000000000000e+02
9.050000000000000000e+02
9.040000000000000000e+02
9.250000000000000000e+02
9.210000000000000000e+02
9.060000000000000000e+02
9.200000000000000000e+02
