1.345000000000000000e+03
1.358000000000000000e+03
1.338000000000000000e+03
1.317000000000000000e+03
1.292000000000000000e+03
1.292000000000000000e+03
1.281000000000000000e+03
1.253000000000000000e+03
1.254000000000000000e+03
1.247000000000000000e+03
1.248000000000000000e+03
1.265000000000000000e+03
1.250000000000000000e+03
1.254000000000000000e+03
1.255000000000000000e+03
1.223000000000000000e+03
1.233000000000000000e+03
1.237000000000000000e+03
1.212000000000000000e+03
1.194000000000000000e+03
1.189000000000000000e+03
1.132000000000000000e+03
1.131000000000000000e+03
1.122000000000000000e+03
1.109000000000000000e+03
1.128000000000000000e+03
1.104000000000000000e+03
1.088000000000000000e+03
1.080000000000000000e+03
1.065000000000000000e+03
1.010000000000000000e+03
1.014000000000000000e+03
