1.880000000000000000e+03
1.893000000000000000e+03
1.895000000000000000e+03
1.896000000000000000e+03
1.831000000000000000e+03
1.811000000000000000e+03
1.799000000000000000e+03
1.777000000000000000e+03
1.777000000000000000e+03
1.777000000000000000e+03
1.760000000000000000e+03
1.747000000000000000e+03
1.722000000000000000e+03
1.720000000000000000e+03
1.731000000000000000e+03
1.711000000000000000e+03
1.670000000000000000e+03
1.657000000000000000e+03
1.689000000000000000e+03
1.675000000000000000e+03
1.671000000000000000e+03
1.664000000000000000e+03
1.684000000000000000e+03
1.669000000000000000e+03
1.687000000000000000e+03
1.716000000000000000e+03
1.791000000000000000e+03
1.812000000000000000e+03
1.782000000000000000e+03
1.787000000000000000e+03
1.792000000000000000e+03
1.775000000000000000e+03
