1.744300000000000000e+04
1.744700000000000000e+04
1.747800000000000000e+04
1.751800000000000000e+04
1.753700000000000000e+04
1.757500000000000000e+04
1.756400000000000000e+04
1.755800000000000000e+04
1.754600000000000000e+04
1.756000000000000000e+04
1.758200000000000000e+04
1.761400000000000000e+04
1.756600000000000000e+04
1.755200000000000000e+04
1.753600000000000000e+04
1.754100000000000000e+04
1.749100000000000000e+04
1.747900000000000000e+04
1.750800000000000000e+04
1.751800000000000000e+04
1.751000000000000000e+04
1.704000000000000000e+04
1.677900000000000000e+04
1.672700000000000000e+04
1.663200000000000000e+04
1.664400000000000000e+04
1.659100000000000000e+04
1.659000000000000000e+04
1.657900000000000000e+04
1.635600000000000000e+04
1.608500000000000000e+04
1.596100000000000000e+04
