1.777000000000000000e+03
1.761000000000000000e+03
1.744000000000000000e+03
1.731000000000000000e+03
1.745000000000000000e+03
1.742000000000000000e+03
1.702000000000000000e+03
1.683000000000000000e+03
1.706000000000000000e+03
1.688000000000000000e+03
1.683000000000000000e+03
1.683000000000000000e+03
1.702000000000000000e+03
1.690000000000000000e+03
1.712000000000000000e+03
1.749000000000000000e+03
1.829000000000000000e+03
1.857000000000000000e+03
1.850000000000000000e+03
1.911000000000000000e+03
1.946000000000000000e+03
1.898000000000000000e+03
1.869000000000000000e+03
1.891000000000000000e+03
1.876000000000000000e+03
1.866000000000000000e+03
1.870000000000000000e+03
1.857000000000000000e+03
1.868000000000000000e+03
1.827000000000000000e+03
1.782000000000000000e+03
1.738000000000000000e+03
