1.439000000000000000e+03
1.419000000000000000e+03
1.437000000000000000e+03
1.447000000000000000e+03
1.496000000000000000e+03
1.498000000000000000e+03
1.490000000000000000e+03
1.496000000000000000e+03
1.519000000000000000e+03
1.530000000000000000e+03
1.535000000000000000e+03
1.569000000000000000e+03
1.577000000000000000e+03
1.579000000000000000e+03
1.548000000000000000e+03
1.540000000000000000e+03
1.505000000000000000e+03
1.466000000000000000e+03
1.487000000000000000e+03
1.498000000000000000e+03
1.479000000000000000e+03
1.412000000000000000e+03
1.386000000000000000e+03
1.373000000000000000e+03
1.374000000000000000e+03
1.328000000000000000e+03
1.336000000000000000e+03
1.342000000000000000e+03
1.296000000000000000e+03
1.235000000000000000e+03
1.190000000000000000e+03
1.145000000000000000e+03
