8.700000000000000000e+02
8.730000000000000000e+02
8.800000000000000000e+02
8.880000000000000000e+02
9.120000000000000000e+02
9.140000000000000000e+02
8.920000000000000000e+02
8.850000000000000000e+02
8.860000000000000000e+02
8.860000000000000000e+02
8.730000000000000000e+02
8.530000000000000000e+02
8.450000000000000000e+02
8.380000000000000000e+02
8.230000000000000000e+02
8.330000000000000000e+02
8.520000000000000000e+02
8.580000000000000000e+02
8.420000000000000000e+02
8.550000000000000000e+02
8.700000000000000000e+02
8.780000000000000000e+02
8.790000000000000000e+02
8.900000000000000000e+02
8.660000000000000000e+02
8.470000000000000000e+02
8.390000000000000000e+02
8.500000000000000000e+02
8.780000000000000000e+02
8.860000000000000000e+02
8.760000000000000000e+02
8.890000000000000000e+02
