3.664000000000000000e+03
3.608000000000000000e+03
3.602000000000000000e+03
3.585000000000000000e+03
3.538000000000000000e+03
3.499000000000000000e+03
3.480000000000000000e+03
3.452000000000000000e+03
3.408000000000000000e+03
3.344000000000000000e+03
3.312000000000000000e+03
3.229000000000000000e+03
3.183000000000000000e+03
3.181000000000000000e+03
3.122000000000000000e+03
3.123000000000000000e+03
3.073000000000000000e+03
3.037000000000000000e+03
3.042000000000000000e+03
3.046000000000000000e+03
3.052000000000000000e+03
3.058000000000000000e+03
3.104000000000000000e+03
3.121000000000000000e+03
3.172000000000000000e+03
3.179000000000000000e+03
3.184000000000000000e+03
3.217000000000000000e+03
3.201000000000000000e+03
3.207000000000000000e+03
3.248000000000000000e+03
3.264000000000000000e+03
