9.390000000000000000e+02
9.190000000000000000e+02
9.080000000000000000e+02
9.030000000000000000e+02
8.940000000000000000e+02
8.980000000000000000e+02
9.230000000000000000e+02
9.340000000000000000e+02
9.260000000000000000e+02
9.390000000000000000e+02
9.540000000000000000e+02
9.580000000000000000e+02
9.580000000000000000e+02
9.680000000000000000e+02
9.350000000000000000e+02
9.070000000000000000e+02
8.900000000000000000e+02
9.050000000000000000e+02
9.200000000000000000e+02
9.230000000000000000e+02
9.160000000000000000e+02
9.320000000000000000e+02
9.240000000000000000e+02
9.410000000000000000e+02
9.850000000000000000e+02
1.044000000000000000e+03
1.114000000000000000e+03
1.147000000000000000e+03
1.175000000000000000e+03
1.226000000000000000e+03
1.264000000000000000e+03
1.309000000000000000e+03
