9.920000000000000000e+02
1.005000000000000000e+03
9.820000000000000000e+02
9.880000000000000000e+02
1.029000000000000000e+03
1.087000000000000000e+03
1.157000000000000000e+03
1.186000000000000000e+03
1.230000000000000000e+03
1.278000000000000000e+03
1.311000000000000000e+03
1.341000000000000000e+03
1.405000000000000000e+03
1.443000000000000000e+03
1.479000000000000000e+03
1.507000000000000000e+03
1.519000000000000000e+03
1.542000000000000000e+03
1.568000000000000000e+03
1.588000000000000000e+03
1.587000000000000000e+03
1.568000000000000000e+03
1.563000000000000000e+03
1.584000000000000000e+03
1.593000000000000000e+03
1.603000000000000000e+03
1.603000000000000000e+03
1.610000000000000000e+03
1.610000000000000000e+03
1.611000000000000000e+03
1.617000000000000000e+03
1.631000000000000000e+03
