1.400000000000000000e+02
1.400000000000000000e+02
1.470000000000000000e+02
1.470000000000000000e+02
1.450000000000000000e+02
1.370000000000000000e+02
1.300000000000000000e+02
1.210000000000000000e+02
1.120000000000000000e+02
1.110000000000000000e+02
1.030000000000000000e+02
9.700000000000000000e+01
9.500000000000000000e+01
9.900000000000000000e+01
1.160000000000000000e+02
1.160000000000000000e+02
1.240000000000000000e+02
1.270000000000000000e+02
1.440000000000000000e+02
1.500000000000000000e+02
1.520000000000000000e+02
1.670000000000000000e+02
1.870000000000000000e+02
1.950000000000000000e+02
2.100000000000000000e+02
2.110000000000000000e+02
2.200000000000000000e+02
2.170000000000000000e+02
2.210000000000000000e+02
2.340000000000000000e+02
2.290000000000000000e+02
2.520000000000000000e+02
