6.820000000000000000e+02
7.010000000000000000e+02
7.170000000000000000e+02
7.180000000000000000e+02
7.140000000000000000e+02
7.230000000000000000e+02
7.220000000000000000e+02
7.400000000000000000e+02
7.480000000000000000e+02
7.390000000000000000e+02
7.570000000000000000e+02
7.670000000000000000e+02
7.730000000000000000e+02
7.750000000000000000e+02
7.990000000000000000e+02
7.860000000000000000e+02
7.670000000000000000e+02
7.670000000000000000e+02
7.830000000000000000e+02
7.800000000000000000e+02
7.610000000000000000e+02
7.480000000000000000e+02
7.370000000000000000e+02
7.330000000000000000e+02
7.130000000000000000e+02
7.310000000000000000e+02
7.540000000000000000e+02
7.660000000000000000e+02
7.650000000000000000e+02
7.710000000000000000e+02
7.970000000000000000e+02
8.060000000000000000e+02
