1.970400000000000000e+04
2.015900000000000000e+04
2.056900000000000000e+04
2.114600000000000000e+04
2.198800000000000000e+04
2.299000000000000000e+04
2.426400000000000000e+04
2.495100000000000000e+04
2.503600000000000000e+04
2.539100000000000000e+04
2.569500000000000000e+04
2.605200000000000000e+04
2.620600000000000000e+04
2.636300000000000000e+04
2.651400000000000000e+04
2.654100000000000000e+04
2.618800000000000000e+04
2.598500000000000000e+04
2.607000000000000000e+04
2.589600000000000000e+04
2.549700000000000000e+04
2.506600000000000000e+04
2.481600000000000000e+04
2.463200000000000000e+04
2.428700000000000000e+04
2.414100000000000000e+04
2.389000000000000000e+04
2.383100000000000000e+04
2.366900000000000000e+04
2.370900000000000000e+04
2.385600000000000000e+04
2.395200000000000000e+04
