2.571800000000000000e+04
2.546100000000000000e+04
2.490900000000000000e+04
2.470000000000000000e+04
2.487400000000000000e+04
2.468200000000000000e+04
2.423400000000000000e+04
2.404800000000000000e+04
2.393600000000000000e+04
2.386200000000000000e+04
2.383400000000000000e+04
2.373600000000000000e+04
2.372300000000000000e+04
2.374000000000000000e+04
2.387000000000000000e+04
2.399700000000000000e+04
2.426200000000000000e+04
2.469700000000000000e+04
2.482900000000000000e+04
2.496000000000000000e+04
2.516200000000000000e+04
2.550000000000000000e+04
2.600300000000000000e+04
2.661300000000000000e+04
2.696500000000000000e+04
2.731700000000000000e+04
2.743100000000000000e+04
2.749100000000000000e+04
2.754900000000000000e+04
2.769500000000000000e+04
2.769500000000000000e+04
2.740400000000000000e+04
