2.336100000000000000e+04
2.321000000000000000e+04
2.292300000000000000e+04
2.294000000000000000e+04
2.337900000000000000e+04
2.351700000000000000e+04
2.378000000000000000e+04
2.400200000000000000e+04
2.411000000000000000e+04
2.406900000000000000e+04
2.408200000000000000e+04
2.414500000000000000e+04
2.440800000000000000e+04
2.452900000000000000e+04
2.459800000000000000e+04
2.481400000000000000e+04
2.486700000000000000e+04
2.484200000000000000e+04
2.485000000000000000e+04
2.488900000000000000e+04
2.478100000000000000e+04
2.543300000000000000e+04
2.537500000000000000e+04
2.556600000000000000e+04
2.529800000000000000e+04
2.534300000000000000e+04
2.471200000000000000e+04
2.442000000000000000e+04
2.400900000000000000e+04
2.403800000000000000e+04
2.397900000000000000e+04
2.410000000000000000e+04
