1.734800000000000000e+04
1.678700000000000000e+04
1.634800000000000000e+04
1.602800000000000000e+04
1.578300000000000000e+04
1.560400000000000000e+04
1.536400000000000000e+04
1.507800000000000000e+04
1.485200000000000000e+04
1.488300000000000000e+04
1.466500000000000000e+04
1.463000000000000000e+04
1.455100000000000000e+04
1.441900000000000000e+04
1.431500000000000000e+04
1.441200000000000000e+04
1.444900000000000000e+04
1.440200000000000000e+04
1.435900000000000000e+04
1.422700000000000000e+04
1.426700000000000000e+04
1.421300000000000000e+04
1.433100000000000000e+04
1.457200000000000000e+04
1.467600000000000000e+04
1.473700000000000000e+04
1.484400000000000000e+04
1.509700000000000000e+04
1.544400000000000000e+04
1.575400000000000000e+04
1.622100000000000000e+04
1.669100000000000000e+04
