3.277310000000000000e+05
3.269420000000000000e+05
3.246360000000000000e+05
3.250920000000000000e+05
3.262250000000000000e+05
3.273820000000000000e+05
3.268260000000000000e+05
3.268150000000000000e+05
3.271290000000000000e+05
3.270120000000000000e+05
3.266780000000000000e+05
3.264580000000000000e+05
3.264920000000000000e+05
3.264840000000000000e+05
3.265250000000000000e+05
3.271480000000000000e+05
3.275690000000000000e+05
3.284990000000000000e+05
3.289940000000000000e+05
3.301100000000000000e+05
3.305430000000000000e+05
3.363900000000000000e+05
3.403800000000000000e+05
3.434630000000000000e+05
3.453500000000000000e+05
3.465820000000000000e+05
3.471470000000000000e+05
3.475830000000000000e+05
3.486590000000000000e+05
3.489930000000000000e+05
3.523490000000000000e+05
3.523200000000000000e+05
