2.486200000000000000e+04
2.493600000000000000e+04
2.465200000000000000e+04
2.486800000000000000e+04
2.518200000000000000e+04
2.544200000000000000e+04
2.562700000000000000e+04
2.564900000000000000e+04
2.584200000000000000e+04
2.572200000000000000e+04
2.565600000000000000e+04
2.550000000000000000e+04
2.538300000000000000e+04
2.513400000000000000e+04
2.499300000000000000e+04
2.480300000000000000e+04
2.445700000000000000e+04
2.428100000000000000e+04
2.418600000000000000e+04
2.428900000000000000e+04
2.435000000000000000e+04
2.425600000000000000e+04
2.459100000000000000e+04
2.491900000000000000e+04
2.514600000000000000e+04
2.536700000000000000e+04
2.573200000000000000e+04
2.615000000000000000e+04
2.635800000000000000e+04
2.651700000000000000e+04
2.670100000000000000e+04
2.700000000000000000e+04
