1.954000000000000000e+04
1.938500000000000000e+04
1.904000000000000000e+04
1.917500000000000000e+04
1.871300000000000000e+04
1.834600000000000000e+04
1.776100000000000000e+04
1.776800000000000000e+04
1.811900000000000000e+04
1.838400000000000000e+04
1.861700000000000000e+04
1.909200000000000000e+04
1.961900000000000000e+04
2.011300000000000000e+04
2.086700000000000000e+04
2.177500000000000000e+04
2.299200000000000000e+04
2.365000000000000000e+04
2.360700000000000000e+04
2.398100000000000000e+04
2.429300000000000000e+04
2.447900000000000000e+04
2.480700000000000000e+04
2.512200000000000000e+04
2.526800000000000000e+04
2.529000000000000000e+04
2.496000000000000000e+04
2.481100000000000000e+04
2.483600000000000000e+04
2.464500000000000000e+04
2.431600000000000000e+04
2.404300000000000000e+04
