1.202000000000000000e+03
1.174000000000000000e+03
1.165000000000000000e+03
1.153000000000000000e+03
1.129000000000000000e+03
1.111000000000000000e+03
1.108000000000000000e+03
1.119000000000000000e+03
1.112000000000000000e+03
1.095000000000000000e+03
1.080000000000000000e+03
1.045000000000000000e+03
1.034000000000000000e+03
1.015000000000000000e+03
1.006000000000000000e+03
9.950000000000000000e+02
9.590000000000000000e+02
9.510000000000000000e+02
9.340000000000000000e+02
9.230000000000000000e+02
9.100000000000000000e+02
9.370000000000000000e+02
9.150000000000000000e+02
8.850000000000000000e+02
8.920000000000000000e+02
8.790000000000000000e+02
8.710000000000000000e+02
8.510000000000000000e+02
8.310000000000000000e+02
8.170000000000000000e+02
8.110000000000000000e+02
8.110000000000000000e+02
