2.550000000000000000e+02
2.360000000000000000e+02
2.300000000000000000e+02
2.250000000000000000e+02
2.410000000000000000e+02
2.500000000000000000e+02
2.620000000000000000e+02
2.820000000000000000e+02
2.980000000000000000e+02
3.230000000000000000e+02
3.510000000000000000e+02
3.750000000000000000e+02
3.800000000000000000e+02
3.930000000000000000e+02
4.100000000000000000e+02
4.230000000000000000e+02
4.380000000000000000e+02
4.500000000000000000e+02
4.600000000000000000e+02
4.620000000000000000e+02
4.660000000000000000e+02
4.870000000000000000e+02
4.850000000000000000e+02
4.890000000000000000e+02
4.920000000000000000e+02
4.980000000000000000e+02
5.000000000000000000e+02
4.950000000000000000e+02
4.830000000000000000e+02
4.760000000000000000e+02
4.930000000000000000e+02
4.950000000000000000e+02
