7.720000000000000000e+02
7.830000000000000000e+02
8.040000000000000000e+02
8.100000000000000000e+02
8.090000000000000000e+02
8.060000000000000000e+02
8.240000000000000000e+02
8.220000000000000000e+02
8.210000000000000000e+02
8.160000000000000000e+02
8.250000000000000000e+02
8.180000000000000000e+02
8.050000000000000000e+02
7.980000000000000000e+02
7.730000000000000000e+02
7.900000000000000000e+02
7.730000000000000000e+02
7.720000000000000000e+02
7.840000000000000000e+02
7.620000000000000000e+02
7.550000000000000000e+02
7.710000000000000000e+02
7.730000000000000000e+02
7.790000000000000000e+02
7.870000000000000000e+02
7.660000000000000000e+02
7.850000000000000000e+02
7.740000000000000000e+02
7.780000000000000000e+02
8.020000000000000000e+02
8.080000000000000000e+02
8.600000000000000000e+02
