1.870600000000000000e+04
1.874200000000000000e+04
1.872100000000000000e+04
1.869000000000000000e+04
1.866200000000000000e+04
1.867400000000000000e+04
1.863600000000000000e+04
1.861800000000000000e+04
1.863200000000000000e+04
1.865300000000000000e+04
1.862000000000000000e+04
1.845400000000000000e+04
1.843100000000000000e+04
1.842600000000000000e+04
1.843200000000000000e+04
1.838700000000000000e+04
1.836400000000000000e+04
1.835800000000000000e+04
1.836800000000000000e+04
1.829400000000000000e+04
1.824500000000000000e+04
1.841500000000000000e+04
1.824700000000000000e+04
1.826600000000000000e+04
1.823700000000000000e+04
1.822100000000000000e+04
1.817400000000000000e+04
1.819400000000000000e+04
1.817100000000000000e+04
1.813800000000000000e+04
1.804900000000000000e+04
1.799500000000000000e+04
