5.140000000000000000e+02
5.000000000000000000e+02
4.950000000000000000e+02
4.970000000000000000e+02
4.730000000000000000e+02
4.440000000000000000e+02
4.440000000000000000e+02
4.530000000000000000e+02
4.760000000000000000e+02
4.770000000000000000e+02
4.800000000000000000e+02
4.900000000000000000e+02
5.040000000000000000e+02
5.030000000000000000e+02
5.310000000000000000e+02
5.690000000000000000e+02
5.860000000000000000e+02
6.090000000000000000e+02
6.150000000000000000e+02
6.590000000000000000e+02
6.750000000000000000e+02
6.980000000000000000e+02
7.240000000000000000e+02
7.490000000000000000e+02
7.470000000000000000e+02
7.970000000000000000e+02
8.040000000000000000e+02
8.230000000000000000e+02
8.220000000000000000e+02
8.150000000000000000e+02
8.200000000000000000e+02
8.400000000000000000e+02
