6.570000000000000000e+02
6.750000000000000000e+02
6.930000000000000000e+02
7.150000000000000000e+02
7.190000000000000000e+02
7.820000000000000000e+02
7.980000000000000000e+02
8.240000000000000000e+02
8.250000000000000000e+02
8.160000000000000000e+02
8.270000000000000000e+02
8.530000000000000000e+02
8.680000000000000000e+02
8.780000000000000000e+02
9.000000000000000000e+02
8.790000000000000000e+02
8.760000000000000000e+02
8.760000000000000000e+02
9.090000000000000000e+02
9.530000000000000000e+02
9.620000000000000000e+02
9.620000000000000000e+02
9.740000000000000000e+02
9.990000000000000000e+02
1.010000000000000000e+03
9.950000000000000000e+02
1.027000000000000000e+03
1.039000000000000000e+03
1.058000000000000000e+03
1.044000000000000000e+03
1.090000000000000000e+03
1.099000000000000000e+03
