7.940000000000000000e+02
7.860000000000000000e+02
8.100000000000000000e+02
7.980000000000000000e+02
8.070000000000000000e+02
7.880000000000000000e+02
7.730000000000000000e+02
7.660000000000000000e+02
7.830000000000000000e+02
7.980000000000000000e+02
8.090000000000000000e+02
8.140000000000000000e+02
8.130000000000000000e+02
8.390000000000000000e+02
8.550000000000000000e+02
8.690000000000000000e+02
9.030000000000000000e+02
8.920000000000000000e+02
8.840000000000000000e+02
8.670000000000000000e+02
8.510000000000000000e+02
8.540000000000000000e+02
8.380000000000000000e+02
8.160000000000000000e+02
8.480000000000000000e+02
8.380000000000000000e+02
8.070000000000000000e+02
8.040000000000000000e+02
8.010000000000000000e+02
8.010000000000000000e+02
7.990000000000000000e+02
8.090000000000000000e+02
