1.129000000000000000e+03
1.168000000000000000e+03
1.190000000000000000e+03
1.226000000000000000e+03
1.258000000000000000e+03
1.275000000000000000e+03
1.296000000000000000e+03
1.327000000000000000e+03
1.373000000000000000e+03
1.400000000000000000e+03
1.427000000000000000e+03
1.444000000000000000e+03
1.461000000000000000e+03
1.491000000000000000e+03
1.522000000000000000e+03
1.548000000000000000e+03
1.556000000000000000e+03
1.578000000000000000e+03
1.603000000000000000e+03
1.612000000000000000e+03
1.610000000000000000e+03
1.747000000000000000e+03
1.769000000000000000e+03
1.795000000000000000e+03
1.791000000000000000e+03
1.795000000000000000e+03
1.788000000000000000e+03
1.801000000000000000e+03
1.853000000000000000e+03
1.878000000000000000e+03
1.893000000000000000e+03
1.909000000000000000e+03
