2.600000000000000000e+02
2.680000000000000000e+02
2.790000000000000000e+02
3.030000000000000000e+02
3.110000000000000000e+02
3.510000000000000000e+02
3.750000000000000000e+02
4.040000000000000000e+02
4.210000000000000000e+02
4.290000000000000000e+02
4.330000000000000000e+02
4.540000000000000000e+02
4.730000000000000000e+02
4.820000000000000000e+02
4.900000000000000000e+02
4.750000000000000000e+02
4.760000000000000000e+02
4.780000000000000000e+02
4.880000000000000000e+02
4.950000000000000000e+02
4.930000000000000000e+02
5.020000000000000000e+02
4.940000000000000000e+02
4.850000000000000000e+02
4.870000000000000000e+02
4.900000000000000000e+02
4.750000000000000000e+02
4.580000000000000000e+02
4.570000000000000000e+02
4.530000000000000000e+02
4.470000000000000000e+02
4.350000000000000000e+02
