7.182000000000000000e+03
7.215000000000000000e+03
7.308000000000000000e+03
7.360000000000000000e+03
7.432000000000000000e+03
7.464000000000000000e+03
7.505000000000000000e+03
7.554000000000000000e+03
7.618000000000000000e+03
7.699000000000000000e+03
7.779000000000000000e+03
7.810000000000000000e+03
7.890000000000000000e+03
7.930000000000000000e+03
7.994000000000000000e+03
8.054000000000000000e+03
8.178000000000000000e+03
8.297000000000000000e+03
8.376000000000000000e+03
8.498000000000000000e+03
8.583000000000000000e+03
8.675000000000000000e+03
8.731000000000000000e+03
8.869000000000000000e+03
9.019000000000000000e+03
9.062000000000000000e+03
9.088000000000000000e+03
9.144000000000000000e+03
9.188000000000000000e+03
9.268000000000000000e+03
9.335000000000000000e+03
9.320000000000000000e+03
