1.058300000000000000e+04
1.067000000000000000e+04
1.079400000000000000e+04
1.088500000000000000e+04
1.098800000000000000e+04
1.103600000000000000e+04
1.110300000000000000e+04
1.116400000000000000e+04
1.125400000000000000e+04
1.133800000000000000e+04
1.143300000000000000e+04
1.146400000000000000e+04
1.155300000000000000e+04
1.157400000000000000e+04
1.167400000000000000e+04
1.174100000000000000e+04
1.187100000000000000e+04
1.201500000000000000e+04
1.215000000000000000e+04
1.229800000000000000e+04
1.241000000000000000e+04
1.267000000000000000e+04
1.275700000000000000e+04
1.295600000000000000e+04
1.311100000000000000e+04
1.318000000000000000e+04
1.323400000000000000e+04
1.329100000000000000e+04
1.342400000000000000e+04
1.357500000000000000e+04
1.369400000000000000e+04
1.368900000000000000e+04
