2.272000000000000000e+03
2.287000000000000000e+03
2.296000000000000000e+03
2.299000000000000000e+03
2.298000000000000000e+03
2.297000000000000000e+03
2.302000000000000000e+03
2.283000000000000000e+03
2.263000000000000000e+03
2.239000000000000000e+03
2.227000000000000000e+03
2.210000000000000000e+03
2.202000000000000000e+03
2.153000000000000000e+03
2.158000000000000000e+03
2.139000000000000000e+03
2.137000000000000000e+03
2.140000000000000000e+03
2.171000000000000000e+03
2.188000000000000000e+03
2.217000000000000000e+03
2.248000000000000000e+03
2.257000000000000000e+03
2.292000000000000000e+03
2.301000000000000000e+03
2.323000000000000000e+03
2.358000000000000000e+03
2.346000000000000000e+03
2.383000000000000000e+03
2.429000000000000000e+03
2.466000000000000000e+03
2.460000000000000000e+03
