1.161000000000000000e+03
1.176000000000000000e+03
1.200000000000000000e+03
1.214000000000000000e+03
1.232000000000000000e+03
1.222000000000000000e+03
1.179000000000000000e+03
1.151000000000000000e+03
1.109000000000000000e+03
1.060000000000000000e+03
9.990000000000000000e+02
9.580000000000000000e+02
9.540000000000000000e+02
9.700000000000000000e+02
1.031000000000000000e+03
1.111000000000000000e+03
1.195000000000000000e+03
1.274000000000000000e+03
1.384000000000000000e+03
1.500000000000000000e+03
1.599000000000000000e+03
1.730000000000000000e+03
1.800000000000000000e+03
1.912000000000000000e+03
1.993000000000000000e+03
2.066000000000000000e+03
2.100000000000000000e+03
2.186000000000000000e+03
2.221000000000000000e+03
2.257000000000000000e+03
2.321000000000000000e+03
2.310000000000000000e+03
