6.197000000000000000e+03
6.198000000000000000e+03
6.348000000000000000e+03
6.435000000000000000e+03
6.500000000000000000e+03
6.551000000000000000e+03
6.611000000000000000e+03
6.690000000000000000e+03
6.745000000000000000e+03
6.797000000000000000e+03
6.817000000000000000e+03
6.922000000000000000e+03
6.927000000000000000e+03
6.949000000000000000e+03
6.943000000000000000e+03
7.020000000000000000e+03
6.985000000000000000e+03
7.063000000000000000e+03
7.068000000000000000e+03
7.049000000000000000e+03
7.019000000000000000e+03
6.805000000000000000e+03
6.769000000000000000e+03
6.738000000000000000e+03
6.792000000000000000e+03
6.752000000000000000e+03
6.743000000000000000e+03
6.783000000000000000e+03
6.800000000000000000e+03
6.996000000000000000e+03
7.196000000000000000e+03
7.459000000000000000e+03
