1.008100000000000000e+04
9.937000000000000000e+03
9.715000000000000000e+03
9.557000000000000000e+03
9.408000000000000000e+03
9.299000000000000000e+03
9.123000000000000000e+03
8.933000000000000000e+03
8.749000000000000000e+03
8.589000000000000000e+03
8.422000000000000000e+03
8.323000000000000000e+03
8.253000000000000000e+03
8.098000000000000000e+03
7.937000000000000000e+03
7.623000000000000000e+03
7.562000000000000000e+03
7.485000000000000000e+03
7.374000000000000000e+03
7.255000000000000000e+03
7.096000000000000000e+03
6.944000000000000000e+03
7.524000000000000000e+03
6.793000000000000000e+03
6.840000000000000000e+03
6.604000000000000000e+03
6.831000000000000000e+03
6.379000000000000000e+03
6.613000000000000000e+03
6.219000000000000000e+03
6.650000000000000000e+03
6.281000000000000000e+03
