8.515000000000000000e+03
8.410000000000000000e+03
8.307000000000000000e+03
8.152000000000000000e+03
7.972000000000000000e+03
7.703000000000000000e+03
7.645000000000000000e+03
7.528000000000000000e+03
7.397000000000000000e+03
7.238000000000000000e+03
7.042000000000000000e+03
6.768000000000000000e+03
6.603000000000000000e+03
6.534000000000000000e+03
6.416000000000000000e+03
6.396000000000000000e+03
6.239000000000000000e+03
6.125000000000000000e+03
6.077000000000000000e+03
5.951000000000000000e+03
5.928000000000000000e+03
5.869000000000000000e+03
5.842000000000000000e+03
5.694000000000000000e+03
5.629000000000000000e+03
5.581000000000000000e+03
5.566000000000000000e+03
5.508000000000000000e+03
5.448000000000000000e+03
5.450000000000000000e+03
5.416000000000000000e+03
5.429000000000000000e+03
