1.167600000000000000e+04
1.165900000000000000e+04
1.156600000000000000e+04
1.155400000000000000e+04
1.153000000000000000e+04
1.165300000000000000e+04
1.178200000000000000e+04
1.176900000000000000e+04
1.170200000000000000e+04
1.157200000000000000e+04
1.144600000000000000e+04
1.130800000000000000e+04
1.122600000000000000e+04
1.111400000000000000e+04
1.106000000000000000e+04
1.091900000000000000e+04
1.069300000000000000e+04
1.054500000000000000e+04
1.048600000000000000e+04
1.055100000000000000e+04
1.060400000000000000e+04
1.029500000000000000e+04
1.035100000000000000e+04
1.037000000000000000e+04
1.039000000000000000e+04
1.029100000000000000e+04
1.029900000000000000e+04
1.027800000000000000e+04
1.030700000000000000e+04
1.027800000000000000e+04
1.036900000000000000e+04
1.053200000000000000e+04
