5.960000000000000000e+02
5.960000000000000000e+02
5.840000000000000000e+02
5.640000000000000000e+02
5.690000000000000000e+02
5.620000000000000000e+02
5.520000000000000000e+02
5.400000000000000000e+02
5.490000000000000000e+02
5.430000000000000000e+02
5.570000000000000000e+02
5.730000000000000000e+02
5.780000000000000000e+02
5.690000000000000000e+02
5.650000000000000000e+02
5.500000000000000000e+02
5.510000000000000000e+02
5.370000000000000000e+02
5.300000000000000000e+02
5.150000000000000000e+02
5.070000000000000000e+02
4.930000000000000000e+02
4.770000000000000000e+02
4.830000000000000000e+02
4.730000000000000000e+02
4.900000000000000000e+02
4.660000000000000000e+02
4.720000000000000000e+02
4.400000000000000000e+02
4.620000000000000000e+02
4.510000000000000000e+02
4.610000000000000000e+02
