4.900000000000000000e+02
4.790000000000000000e+02
4.780000000000000000e+02
4.750000000000000000e+02
4.720000000000000000e+02
4.860000000000000000e+02
4.760000000000000000e+02
4.820000000000000000e+02
4.740000000000000000e+02
4.890000000000000000e+02
5.020000000000000000e+02
4.860000000000000000e+02
4.810000000000000000e+02
4.880000000000000000e+02
4.770000000000000000e+02
4.690000000000000000e+02
4.620000000000000000e+02
4.670000000000000000e+02
4.750000000000000000e+02
4.450000000000000000e+02
4.310000000000000000e+02
4.190000000000000000e+02
4.050000000000000000e+02
3.950000000000000000e+02
4.130000000000000000e+02
4.110000000000000000e+02
4.140000000000000000e+02
4.090000000000000000e+02
3.970000000000000000e+02
4.140000000000000000e+02
4.090000000000000000e+02
4.120000000000000000e+02
