4.200000000000000000e+02
4.340000000000000000e+02
4.190000000000000000e+02
4.120000000000000000e+02
3.910000000000000000e+02
3.820000000000000000e+02
3.900000000000000000e+02
3.890000000000000000e+02
4.120000000000000000e+02
4.360000000000000000e+02
4.540000000000000000e+02
4.560000000000000000e+02
4.660000000000000000e+02
4.920000000000000000e+02
5.130000000000000000e+02
5.430000000000000000e+02
5.460000000000000000e+02
5.710000000000000000e+02
5.910000000000000000e+02
5.810000000000000000e+02
5.940000000000000000e+02
6.060000000000000000e+02
6.170000000000000000e+02
6.300000000000000000e+02
6.270000000000000000e+02
6.340000000000000000e+02
6.700000000000000000e+02
6.930000000000000000e+02
6.730000000000000000e+02
6.710000000000000000e+02
6.720000000000000000e+02
6.710000000000000000e+02
