6.570000000000000000e+02
6.370000000000000000e+02
6.630000000000000000e+02
6.740000000000000000e+02
6.500000000000000000e+02
6.470000000000000000e+02
6.460000000000000000e+02
6.410000000000000000e+02
6.240000000000000000e+02
6.300000000000000000e+02
6.230000000000000000e+02
6.170000000000000000e+02
6.040000000000000000e+02
5.830000000000000000e+02
5.920000000000000000e+02
5.820000000000000000e+02
5.700000000000000000e+02
5.530000000000000000e+02
5.610000000000000000e+02
5.540000000000000000e+02
5.720000000000000000e+02
5.030000000000000000e+02
4.840000000000000000e+02
4.820000000000000000e+02
4.720000000000000000e+02
4.480000000000000000e+02
4.580000000000000000e+02
4.390000000000000000e+02
4.400000000000000000e+02
4.330000000000000000e+02
4.170000000000000000e+02
3.930000000000000000e+02
