4.510000000000000000e+02
4.590000000000000000e+02
4.760000000000000000e+02
5.010000000000000000e+02
5.270000000000000000e+02
5.550000000000000000e+02
5.560000000000000000e+02
5.790000000000000000e+02
5.980000000000000000e+02
5.900000000000000000e+02
5.940000000000000000e+02
6.060000000000000000e+02
6.190000000000000000e+02
6.220000000000000000e+02
6.190000000000000000e+02
6.210000000000000000e+02
6.710000000000000000e+02
6.820000000000000000e+02
6.700000000000000000e+02
6.730000000000000000e+02
6.680000000000000000e+02
6.680000000000000000e+02
6.740000000000000000e+02
6.870000000000000000e+02
6.870000000000000000e+02
6.850000000000000000e+02
6.500000000000000000e+02
6.510000000000000000e+02
6.500000000000000000e+02
6.170000000000000000e+02
5.980000000000000000e+02
6.180000000000000000e+02
