5.420000000000000000e+02
5.640000000000000000e+02
5.610000000000000000e+02
5.570000000000000000e+02
5.550000000000000000e+02
5.440000000000000000e+02
5.440000000000000000e+02
5.310000000000000000e+02
5.250000000000000000e+02
5.070000000000000000e+02
4.950000000000000000e+02
4.890000000000000000e+02
4.890000000000000000e+02
4.850000000000000000e+02
4.850000000000000000e+02
4.920000000000000000e+02
4.860000000000000000e+02
4.850000000000000000e+02
4.730000000000000000e+02
4.900000000000000000e+02
5.000000000000000000e+02
4.840000000000000000e+02
4.760000000000000000e+02
4.840000000000000000e+02
4.710000000000000000e+02
4.600000000000000000e+02
4.530000000000000000e+02
4.530000000000000000e+02
4.760000000000000000e+02
4.440000000000000000e+02
4.270000000000000000e+02
4.180000000000000000e+02
