1.430000000000000000e+02
1.420000000000000000e+02
1.480000000000000000e+02
1.680000000000000000e+02
1.790000000000000000e+02
1.900000000000000000e+02
1.700000000000000000e+02
1.530000000000000000e+02
1.490000000000000000e+02
1.380000000000000000e+02
1.310000000000000000e+02
1.310000000000000000e+02
1.200000000000000000e+02
1.100000000000000000e+02
1.140000000000000000e+02
1.140000000000000000e+02
1.240000000000000000e+02
1.260000000000000000e+02
1.420000000000000000e+02
1.500000000000000000e+02
1.510000000000000000e+02
1.740000000000000000e+02
1.800000000000000000e+02
1.940000000000000000e+02
2.160000000000000000e+02
2.270000000000000000e+02
2.540000000000000000e+02
2.760000000000000000e+02
2.650000000000000000e+02
2.540000000000000000e+02
2.660000000000000000e+02
2.750000000000000000e+02
