8.700000000000000000e+02
8.720000000000000000e+02
8.510000000000000000e+02
8.360000000000000000e+02
8.290000000000000000e+02
8.040000000000000000e+02
7.850000000000000000e+02
7.930000000000000000e+02
8.040000000000000000e+02
8.180000000000000000e+02
7.960000000000000000e+02
8.130000000000000000e+02
8.010000000000000000e+02
7.920000000000000000e+02
8.060000000000000000e+02
8.210000000000000000e+02
8.470000000000000000e+02
8.370000000000000000e+02
8.200000000000000000e+02
8.130000000000000000e+02
8.300000000000000000e+02
8.150000000000000000e+02
8.360000000000000000e+02
8.370000000000000000e+02
8.020000000000000000e+02
7.730000000000000000e+02
7.210000000000000000e+02
7.040000000000000000e+02
7.040000000000000000e+02
7.100000000000000000e+02
7.070000000000000000e+02
7.250000000000000000e+02
