1.054000000000000000e+03
1.046000000000000000e+03
1.043000000000000000e+03
1.036000000000000000e+03
1.035000000000000000e+03
1.061000000000000000e+03
1.063000000000000000e+03
1.078000000000000000e+03
1.064000000000000000e+03
1.051000000000000000e+03
1.059000000000000000e+03
1.026000000000000000e+03
1.015000000000000000e+03
1.029000000000000000e+03
1.023000000000000000e+03
1.011000000000000000e+03
1.002000000000000000e+03
9.820000000000000000e+02
9.750000000000000000e+02
9.660000000000000000e+02
9.430000000000000000e+02
9.340000000000000000e+02
9.360000000000000000e+02
9.140000000000000000e+02
8.950000000000000000e+02
8.750000000000000000e+02
8.630000000000000000e+02
8.610000000000000000e+02
8.510000000000000000e+02
8.580000000000000000e+02
8.480000000000000000e+02
8.400000000000000000e+02
