2.610000000000000000e+02
2.460000000000000000e+02
2.330000000000000000e+02
2.100000000000000000e+02
2.040000000000000000e+02
1.910000000000000000e+02
2.020000000000000000e+02
2.190000000000000000e+02
2.380000000000000000e+02
2.570000000000000000e+02
2.610000000000000000e+02
2.880000000000000000e+02
3.030000000000000000e+02
3.190000000000000000e+02
3.420000000000000000e+02
3.630000000000000000e+02
3.940000000000000000e+02
4.080000000000000000e+02
4.140000000000000000e+02
4.160000000000000000e+02
4.340000000000000000e+02
4.450000000000000000e+02
4.710000000000000000e+02
4.830000000000000000e+02
4.720000000000000000e+02
4.860000000000000000e+02
4.780000000000000000e+02
4.770000000000000000e+02
4.940000000000000000e+02
4.890000000000000000e+02
4.860000000000000000e+02
4.780000000000000000e+02
