3.720000000000000000e+02
4.000000000000000000e+02
4.340000000000000000e+02
4.680000000000000000e+02
4.930000000000000000e+02
5.120000000000000000e+02
5.380000000000000000e+02
5.620000000000000000e+02
5.720000000000000000e+02
5.660000000000000000e+02
5.940000000000000000e+02
5.960000000000000000e+02
6.080000000000000000e+02
6.290000000000000000e+02
6.270000000000000000e+02
6.380000000000000000e+02
6.260000000000000000e+02
6.280000000000000000e+02
6.290000000000000000e+02
6.220000000000000000e+02
6.320000000000000000e+02
6.500000000000000000e+02
6.280000000000000000e+02
6.260000000000000000e+02
6.290000000000000000e+02
6.090000000000000000e+02
5.990000000000000000e+02
5.970000000000000000e+02
5.950000000000000000e+02
5.980000000000000000e+02
5.960000000000000000e+02
6.110000000000000000e+02
