4.406000000000000000e+03
4.359000000000000000e+03
4.348000000000000000e+03
4.279000000000000000e+03
4.201000000000000000e+03
4.116000000000000000e+03
4.051000000000000000e+03
3.945000000000000000e+03
3.892000000000000000e+03
3.814000000000000000e+03
3.769000000000000000e+03
3.737000000000000000e+03
3.698000000000000000e+03
3.641000000000000000e+03
3.606000000000000000e+03
3.502000000000000000e+03
3.416000000000000000e+03
3.379000000000000000e+03
3.298000000000000000e+03
3.246000000000000000e+03
3.185000000000000000e+03
3.019000000000000000e+03
2.858000000000000000e+03
2.932000000000000000e+03
2.859000000000000000e+03
2.900000000000000000e+03
2.819000000000000000e+03
2.852000000000000000e+03
2.758000000000000000e+03
2.743000000000000000e+03
2.638000000000000000e+03
2.649000000000000000e+03
