4.614000000000000000e+03
4.731000000000000000e+03
4.774000000000000000e+03
4.804000000000000000e+03
4.894000000000000000e+03
4.882000000000000000e+03
4.853000000000000000e+03
4.872000000000000000e+03
4.906000000000000000e+03
4.938000000000000000e+03
4.881000000000000000e+03
4.813000000000000000e+03
4.770000000000000000e+03
4.777000000000000000e+03
4.703000000000000000e+03
4.699000000000000000e+03
4.607000000000000000e+03
4.515000000000000000e+03
4.483000000000000000e+03
4.441000000000000000e+03
4.437000000000000000e+03
4.368000000000000000e+03
4.321000000000000000e+03
4.333000000000000000e+03
4.273000000000000000e+03
4.229000000000000000e+03
4.276000000000000000e+03
4.270000000000000000e+03
4.265000000000000000e+03
4.231000000000000000e+03
4.226000000000000000e+03
4.280000000000000000e+03
