2.917000000000000000e+03
2.868000000000000000e+03
2.802000000000000000e+03
2.720000000000000000e+03
2.737000000000000000e+03
2.729000000000000000e+03
2.782000000000000000e+03
2.844000000000000000e+03
2.856000000000000000e+03
2.952000000000000000e+03
2.998000000000000000e+03
3.067000000000000000e+03
3.172000000000000000e+03
3.286000000000000000e+03
3.259000000000000000e+03
3.312000000000000000e+03
3.205000000000000000e+03
3.138000000000000000e+03
3.186000000000000000e+03
3.211000000000000000e+03
3.259000000000000000e+03
3.260000000000000000e+03
3.288000000000000000e+03
3.335000000000000000e+03
3.439000000000000000e+03
3.540000000000000000e+03
3.748000000000000000e+03
3.972000000000000000e+03
4.016000000000000000e+03
4.062000000000000000e+03
4.150000000000000000e+03
4.246000000000000000e+03
