4.487000000000000000e+03
4.477000000000000000e+03
4.533000000000000000e+03
4.581000000000000000e+03
4.623000000000000000e+03
4.696000000000000000e+03
4.698000000000000000e+03
4.712000000000000000e+03
4.676000000000000000e+03
4.671000000000000000e+03
4.659000000000000000e+03
4.634000000000000000e+03
4.565000000000000000e+03
4.555000000000000000e+03
4.512000000000000000e+03
4.473000000000000000e+03
4.438000000000000000e+03
4.427000000000000000e+03
4.335000000000000000e+03
4.319000000000000000e+03
4.286000000000000000e+03
4.085000000000000000e+03
4.059000000000000000e+03
3.969000000000000000e+03
3.907000000000000000e+03
3.804000000000000000e+03
3.782000000000000000e+03
3.695000000000000000e+03
3.670000000000000000e+03
3.595000000000000000e+03
3.573000000000000000e+03
3.537000000000000000e+03
