4.522000000000000000e+03
4.470000000000000000e+03
4.438000000000000000e+03
4.450000000000000000e+03
4.417000000000000000e+03
4.386000000000000000e+03
4.398000000000000000e+03
4.398000000000000000e+03
4.375000000000000000e+03
4.352000000000000000e+03
4.341000000000000000e+03
4.383000000000000000e+03
4.397000000000000000e+03
4.343000000000000000e+03
4.359000000000000000e+03
4.362000000000000000e+03
4.369000000000000000e+03
4.315000000000000000e+03
4.320000000000000000e+03
4.337000000000000000e+03
4.352000000000000000e+03
4.266000000000000000e+03
4.328000000000000000e+03
4.364000000000000000e+03
4.390000000000000000e+03
4.417000000000000000e+03
4.453000000000000000e+03
4.475000000000000000e+03
4.462000000000000000e+03
4.464000000000000000e+03
4.445000000000000000e+03
4.413000000000000000e+03
