3.357000000000000000e+03
3.320000000000000000e+03
3.316000000000000000e+03
3.262000000000000000e+03
3.173000000000000000e+03
3.081000000000000000e+03
3.069000000000000000e+03
3.094000000000000000e+03
3.045000000000000000e+03
3.006000000000000000e+03
2.896000000000000000e+03
2.892000000000000000e+03
2.816000000000000000e+03
2.766000000000000000e+03
2.749000000000000000e+03
2.713000000000000000e+03
2.702000000000000000e+03
2.623000000000000000e+03
2.620000000000000000e+03
2.621000000000000000e+03
2.632000000000000000e+03
2.564000000000000000e+03
2.539000000000000000e+03
2.519000000000000000e+03
2.512000000000000000e+03
2.534000000000000000e+03
2.515000000000000000e+03
2.514000000000000000e+03
2.491000000000000000e+03
2.484000000000000000e+03
2.478000000000000000e+03
2.439000000000000000e+03
