1.690000000000000000e+02
1.720000000000000000e+02
1.710000000000000000e+02
1.910000000000000000e+02
2.010000000000000000e+02
1.970000000000000000e+02
2.060000000000000000e+02
2.220000000000000000e+02
2.400000000000000000e+02
2.490000000000000000e+02
2.540000000000000000e+02
2.510000000000000000e+02
2.760000000000000000e+02
2.840000000000000000e+02
2.960000000000000000e+02
2.800000000000000000e+02
2.710000000000000000e+02
2.390000000000000000e+02
2.270000000000000000e+02
2.080000000000000000e+02
1.950000000000000000e+02
1.740000000000000000e+02
1.490000000000000000e+02
1.470000000000000000e+02
1.630000000000000000e+02
1.820000000000000000e+02
2.050000000000000000e+02
2.270000000000000000e+02
2.620000000000000000e+02
2.930000000000000000e+02
3.200000000000000000e+02
3.520000000000000000e+02
