4.200100000000000000e+04
4.180100000000000000e+04
4.167800000000000000e+04
4.183500000000000000e+04
4.216400000000000000e+04
4.199200000000000000e+04
4.206900000000000000e+04
4.196900000000000000e+04
4.210500000000000000e+04
4.178700000000000000e+04
4.183600000000000000e+04
4.163900000000000000e+04
4.165000000000000000e+04
4.146200000000000000e+04
4.141900000000000000e+04
4.134700000000000000e+04
4.127000000000000000e+04
4.117700000000000000e+04
4.089400000000000000e+04
4.103500000000000000e+04
4.114400000000000000e+04
4.019300000000000000e+04
4.036200000000000000e+04
4.064100000000000000e+04
4.065300000000000000e+04
4.051700000000000000e+04
4.056900000000000000e+04
4.033000000000000000e+04
4.008500000000000000e+04
3.984400000000000000e+04
3.964800000000000000e+04
3.932300000000000000e+04
