8.924000000000000000e+03
8.964000000000000000e+03
9.002000000000000000e+03
9.116000000000000000e+03
9.268000000000000000e+03
9.300000000000000000e+03
9.412000000000000000e+03
9.481000000000000000e+03
9.594000000000000000e+03
9.746000000000000000e+03
9.805000000000000000e+03
9.899000000000000000e+03
9.981000000000000000e+03
1.011400000000000000e+04
1.023600000000000000e+04
1.030000000000000000e+04
1.048600000000000000e+04
1.059700000000000000e+04
1.070500000000000000e+04
1.079900000000000000e+04
1.085900000000000000e+04
1.088700000000000000e+04
1.094200000000000000e+04
1.082600000000000000e+04
1.081300000000000000e+04
1.080000000000000000e+04
1.072400000000000000e+04
1.078100000000000000e+04
1.094000000000000000e+04
1.102200000000000000e+04
1.114000000000000000e+04
1.130700000000000000e+04
