1.098000000000000000e+03
1.158000000000000000e+03
1.221000000000000000e+03
1.260000000000000000e+03
1.252000000000000000e+03
1.284000000000000000e+03
1.343000000000000000e+03
1.386000000000000000e+03
1.390000000000000000e+03
1.445000000000000000e+03
1.486000000000000000e+03
1.546000000000000000e+03
1.625000000000000000e+03
1.693000000000000000e+03
1.757000000000000000e+03
1.833000000000000000e+03
1.878000000000000000e+03
1.919000000000000000e+03
1.978000000000000000e+03
2.009000000000000000e+03
2.044000000000000000e+03
2.071000000000000000e+03
2.084000000000000000e+03
2.079000000000000000e+03
2.115000000000000000e+03
2.134000000000000000e+03
2.152000000000000000e+03
2.125000000000000000e+03
2.176000000000000000e+03
2.196000000000000000e+03
2.198000000000000000e+03
2.202000000000000000e+03
