2.872000000000000000e+03
2.873000000000000000e+03
2.885000000000000000e+03
2.858000000000000000e+03
2.878000000000000000e+03
2.878000000000000000e+03
2.861000000000000000e+03
2.823000000000000000e+03
2.843000000000000000e+03
2.853000000000000000e+03
2.873000000000000000e+03
2.879000000000000000e+03
2.859000000000000000e+03
2.866000000000000000e+03
2.872000000000000000e+03
2.867000000000000000e+03
2.885000000000000000e+03
2.937000000000000000e+03
2.886000000000000000e+03
2.872000000000000000e+03
2.902000000000000000e+03
2.879000000000000000e+03
2.828000000000000000e+03
2.819000000000000000e+03
2.701000000000000000e+03
2.645000000000000000e+03
2.545000000000000000e+03
2.515000000000000000e+03
2.539000000000000000e+03
2.555000000000000000e+03
2.545000000000000000e+03
2.591000000000000000e+03
