3.292000000000000000e+03
3.269000000000000000e+03
3.185000000000000000e+03
3.192000000000000000e+03
3.050000000000000000e+03
2.977000000000000000e+03
2.850000000000000000e+03
2.811000000000000000e+03
2.814000000000000000e+03
2.825000000000000000e+03
2.803000000000000000e+03
2.852000000000000000e+03
2.903000000000000000e+03
2.949000000000000000e+03
3.133000000000000000e+03
3.313000000000000000e+03
3.465000000000000000e+03
3.575000000000000000e+03
3.574000000000000000e+03
3.661000000000000000e+03
3.749000000000000000e+03
3.868000000000000000e+03
3.947000000000000000e+03
4.035000000000000000e+03
4.093000000000000000e+03
4.139000000000000000e+03
4.235000000000000000e+03
4.275000000000000000e+03
4.317000000000000000e+03
4.402000000000000000e+03
4.403000000000000000e+03
4.445000000000000000e+03
