3.134000000000000000e+03
3.127000000000000000e+03
3.098000000000000000e+03
3.103000000000000000e+03
3.108000000000000000e+03
3.091000000000000000e+03
3.116000000000000000e+03
3.140000000000000000e+03
3.108000000000000000e+03
3.067000000000000000e+03
3.101000000000000000e+03
3.098000000000000000e+03
3.046000000000000000e+03
3.018000000000000000e+03
2.895000000000000000e+03
2.838000000000000000e+03
2.717000000000000000e+03
2.682000000000000000e+03
2.717000000000000000e+03
2.733000000000000000e+03
2.709000000000000000e+03
2.754000000000000000e+03
2.789000000000000000e+03
2.838000000000000000e+03
3.003000000000000000e+03
3.165000000000000000e+03
3.305000000000000000e+03
3.417000000000000000e+03
3.403000000000000000e+03
3.489000000000000000e+03
3.597000000000000000e+03
3.692000000000000000e+03
