6.052400000000000000e+04
6.042500000000000000e+04
6.036400000000000000e+04
6.065600000000000000e+04
6.078500000000000000e+04
6.076600000000000000e+04
6.087400000000000000e+04
6.089900000000000000e+04
6.096100000000000000e+04
6.100900000000000000e+04
6.110900000000000000e+04
6.130500000000000000e+04
6.131600000000000000e+04
6.132800000000000000e+04
6.141600000000000000e+04
6.168900000000000000e+04
6.171800000000000000e+04
6.195100000000000000e+04
6.202000000000000000e+04
6.254500000000000000e+04
6.272600000000000000e+04
6.226600000000000000e+04
6.252200000000000000e+04
6.284400000000000000e+04
6.306300000000000000e+04
6.334400000000000000e+04
6.347000000000000000e+04
6.348900000000000000e+04
6.365600000000000000e+04
6.376200000000000000e+04
6.372700000000000000e+04
6.379400000000000000e+04
