9.630000000000000000e+02
9.480000000000000000e+02
9.500000000000000000e+02
9.520000000000000000e+02
9.490000000000000000e+02
9.400000000000000000e+02
9.400000000000000000e+02
9.480000000000000000e+02
9.270000000000000000e+02
9.040000000000000000e+02
9.440000000000000000e+02
9.640000000000000000e+02
9.900000000000000000e+02
1.020000000000000000e+03
1.031000000000000000e+03
1.004000000000000000e+03
9.670000000000000000e+02
9.730000000000000000e+02
9.790000000000000000e+02
9.880000000000000000e+02
9.440000000000000000e+02
8.570000000000000000e+02
8.410000000000000000e+02
8.430000000000000000e+02
8.590000000000000000e+02
9.160000000000000000e+02
9.690000000000000000e+02
9.800000000000000000e+02
9.960000000000000000e+02
1.011000000000000000e+03
1.045000000000000000e+03
1.072000000000000000e+03
