1.188000000000000000e+03
1.206000000000000000e+03
1.234000000000000000e+03
1.271000000000000000e+03
1.274000000000000000e+03
1.266000000000000000e+03
1.285000000000000000e+03
1.319000000000000000e+03
1.338000000000000000e+03
1.316000000000000000e+03
1.301000000000000000e+03
1.305000000000000000e+03
1.287000000000000000e+03
1.272000000000000000e+03
1.272000000000000000e+03
1.309000000000000000e+03
1.303000000000000000e+03
1.296000000000000000e+03
1.292000000000000000e+03
1.322000000000000000e+03
1.356000000000000000e+03
1.335000000000000000e+03
1.385000000000000000e+03
1.398000000000000000e+03
1.378000000000000000e+03
1.354000000000000000e+03
1.359000000000000000e+03
1.344000000000000000e+03
1.336000000000000000e+03
1.321000000000000000e+03
1.305000000000000000e+03
1.317000000000000000e+03
