1.776700000000000000e+04
1.775600000000000000e+04
1.775500000000000000e+04
1.776800000000000000e+04
1.776000000000000000e+04
1.772700000000000000e+04
1.778000000000000000e+04
1.779100000000000000e+04
1.778600000000000000e+04
1.777300000000000000e+04
1.775900000000000000e+04
1.771000000000000000e+04
1.773400000000000000e+04
1.771300000000000000e+04
1.770800000000000000e+04
1.769200000000000000e+04
1.766500000000000000e+04
1.766300000000000000e+04
1.766500000000000000e+04
1.761000000000000000e+04
1.759400000000000000e+04
1.696500000000000000e+04
1.680600000000000000e+04
1.689900000000000000e+04
1.689500000000000000e+04
1.690700000000000000e+04
1.685900000000000000e+04
1.684900000000000000e+04
1.682500000000000000e+04
1.678600000000000000e+04
1.674800000000000000e+04
1.668600000000000000e+04
