8.640000000000000000e+02
8.590000000000000000e+02
8.550000000000000000e+02
8.420000000000000000e+02
8.600000000000000000e+02
8.640000000000000000e+02
8.720000000000000000e+02
8.400000000000000000e+02
8.740000000000000000e+02
8.860000000000000000e+02
8.930000000000000000e+02
8.800000000000000000e+02
8.790000000000000000e+02
8.670000000000000000e+02
8.700000000000000000e+02
8.680000000000000000e+02
8.650000000000000000e+02
8.710000000000000000e+02
8.490000000000000000e+02
8.380000000000000000e+02
8.770000000000000000e+02
8.700000000000000000e+02
8.890000000000000000e+02
9.070000000000000000e+02
9.140000000000000000e+02
8.860000000000000000e+02
8.460000000000000000e+02
8.430000000000000000e+02
8.550000000000000000e+02
8.620000000000000000e+02
8.220000000000000000e+02
8.120000000000000000e+02
