2.130000000000000000e+02
1.830000000000000000e+02
1.790000000000000000e+02
1.750000000000000000e+02
1.740000000000000000e+02
1.890000000000000000e+02
2.180000000000000000e+02
2.420000000000000000e+02
2.610000000000000000e+02
2.730000000000000000e+02
2.890000000000000000e+02
3.010000000000000000e+02
3.340000000000000000e+02
3.530000000000000000e+02
3.580000000000000000e+02
3.640000000000000000e+02
3.660000000000000000e+02
3.670000000000000000e+02
3.720000000000000000e+02
3.850000000000000000e+02
4.080000000000000000e+02
4.390000000000000000e+02
4.350000000000000000e+02
4.400000000000000000e+02
4.480000000000000000e+02
4.370000000000000000e+02
4.480000000000000000e+02
4.720000000000000000e+02
4.650000000000000000e+02
4.480000000000000000e+02
4.430000000000000000e+02
4.330000000000000000e+02
