2.459000000000000000e+03
2.466000000000000000e+03
2.488000000000000000e+03
2.491000000000000000e+03
2.509000000000000000e+03
2.532000000000000000e+03
2.576000000000000000e+03
2.588000000000000000e+03
2.621000000000000000e+03
2.654000000000000000e+03
2.675000000000000000e+03
2.678000000000000000e+03
2.703000000000000000e+03
2.700000000000000000e+03
2.734000000000000000e+03
2.744000000000000000e+03
2.765000000000000000e+03
2.782000000000000000e+03
2.803000000000000000e+03
2.821000000000000000e+03
2.881000000000000000e+03
2.907000000000000000e+03
2.940000000000000000e+03
2.957000000000000000e+03
2.993000000000000000e+03
2.989000000000000000e+03
2.977000000000000000e+03
2.996000000000000000e+03
3.007000000000000000e+03
3.032000000000000000e+03
3.042000000000000000e+03
3.040000000000000000e+03
