9.600000000000000000e+02
9.380000000000000000e+02
9.180000000000000000e+02
9.250000000000000000e+02
9.060000000000000000e+02
8.780000000000000000e+02
8.990000000000000000e+02
8.890000000000000000e+02
8.960000000000000000e+02
8.940000000000000000e+02
8.940000000000000000e+02
8.730000000000000000e+02
8.990000000000000000e+02
8.970000000000000000e+02
9.020000000000000000e+02
8.970000000000000000e+02
8.780000000000000000e+02
8.970000000000000000e+02
8.820000000000000000e+02
8.850000000000000000e+02
9.180000000000000000e+02
9.220000000000000000e+02
9.290000000000000000e+02
9.260000000000000000e+02
9.310000000000000000e+02
9.270000000000000000e+02
9.230000000000000000e+02
8.920000000000000000e+02
8.960000000000000000e+02
9.100000000000000000e+02
8.950000000000000000e+02
8.670000000000000000e+02
