6.670000000000000000e+02
6.670000000000000000e+02
6.670000000000000000e+02
6.760000000000000000e+02
7.050000000000000000e+02
7.130000000000000000e+02
7.030000000000000000e+02
7.050000000000000000e+02
7.160000000000000000e+02
7.230000000000000000e+02
7.350000000000000000e+02
7.510000000000000000e+02
7.680000000000000000e+02
7.760000000000000000e+02
7.660000000000000000e+02
7.660000000000000000e+02
7.990000000000000000e+02
8.130000000000000000e+02
8.350000000000000000e+02
8.280000000000000000e+02
8.220000000000000000e+02
8.290000000000000000e+02
8.420000000000000000e+02
8.260000000000000000e+02
8.500000000000000000e+02
8.510000000000000000e+02
8.340000000000000000e+02
8.200000000000000000e+02
7.940000000000000000e+02
8.310000000000000000e+02
8.660000000000000000e+02
8.720000000000000000e+02
