1.288500000000000000e+04
1.288900000000000000e+04
1.291300000000000000e+04
1.293600000000000000e+04
1.296000000000000000e+04
1.301900000000000000e+04
1.306800000000000000e+04
1.314300000000000000e+04
1.316600000000000000e+04
1.319600000000000000e+04
1.327500000000000000e+04
1.332500000000000000e+04
1.342100000000000000e+04
1.343500000000000000e+04
1.348800000000000000e+04
1.347200000000000000e+04
1.351800000000000000e+04
1.362300000000000000e+04
1.370400000000000000e+04
1.367600000000000000e+04
1.368700000000000000e+04
1.351300000000000000e+04
1.343100000000000000e+04
1.348400000000000000e+04
1.346300000000000000e+04
1.347000000000000000e+04
1.349600000000000000e+04
1.346700000000000000e+04
1.353600000000000000e+04
1.344600000000000000e+04
1.346500000000000000e+04
1.345300000000000000e+04
