1.288000000000000000e+03
1.301000000000000000e+03
1.279000000000000000e+03
1.297000000000000000e+03
1.275000000000000000e+03
1.292000000000000000e+03
1.262000000000000000e+03
1.260000000000000000e+03
1.238000000000000000e+03
1.239000000000000000e+03
1.202000000000000000e+03
1.186000000000000000e+03
1.181000000000000000e+03
1.154000000000000000e+03
1.161000000000000000e+03
1.129000000000000000e+03
1.118000000000000000e+03
1.106000000000000000e+03
1.109000000000000000e+03
1.065000000000000000e+03
1.054000000000000000e+03
1.015000000000000000e+03
9.950000000000000000e+02
1.009000000000000000e+03
9.760000000000000000e+02
9.550000000000000000e+02
9.750000000000000000e+02
9.640000000000000000e+02
9.690000000000000000e+02
9.550000000000000000e+02
9.340000000000000000e+02
9.280000000000000000e+02
