7.420000000000000000e+02
7.190000000000000000e+02
7.000000000000000000e+02
6.970000000000000000e+02
6.590000000000000000e+02
6.590000000000000000e+02
6.470000000000000000e+02
6.680000000000000000e+02
6.620000000000000000e+02
6.570000000000000000e+02
6.470000000000000000e+02
6.300000000000000000e+02
6.290000000000000000e+02
6.170000000000000000e+02
6.130000000000000000e+02
6.020000000000000000e+02
6.050000000000000000e+02
6.010000000000000000e+02
5.860000000000000000e+02
5.940000000000000000e+02
6.150000000000000000e+02
6.420000000000000000e+02
6.560000000000000000e+02
6.720000000000000000e+02
6.910000000000000000e+02
7.040000000000000000e+02
7.210000000000000000e+02
7.650000000000000000e+02
7.840000000000000000e+02
7.810000000000000000e+02
8.050000000000000000e+02
7.890000000000000000e+02
