9.350000000000000000e+02
9.770000000000000000e+02
1.020000000000000000e+03
1.064000000000000000e+03
1.135000000000000000e+03
1.244000000000000000e+03
1.325000000000000000e+03
1.387000000000000000e+03
1.424000000000000000e+03
1.484000000000000000e+03
1.534000000000000000e+03
1.552000000000000000e+03
1.544000000000000000e+03
1.588000000000000000e+03
1.586000000000000000e+03
1.567000000000000000e+03
1.584000000000000000e+03
1.590000000000000000e+03
1.561000000000000000e+03
1.542000000000000000e+03
1.540000000000000000e+03
1.512000000000000000e+03
1.507000000000000000e+03
1.487000000000000000e+03
1.460000000000000000e+03
1.477000000000000000e+03
1.435000000000000000e+03
1.442000000000000000e+03
1.423000000000000000e+03
1.429000000000000000e+03
1.429000000000000000e+03
1.407000000000000000e+03
