9.200000000000000000e+02
8.970000000000000000e+02
9.060000000000000000e+02
9.390000000000000000e+02
9.370000000000000000e+02
9.420000000000000000e+02
9.490000000000000000e+02
9.390000000000000000e+02
9.370000000000000000e+02
9.050000000000000000e+02
8.870000000000000000e+02
8.970000000000000000e+02
8.870000000000000000e+02
8.690000000000000000e+02
8.680000000000000000e+02
8.620000000000000000e+02
8.550000000000000000e+02
8.830000000000000000e+02
8.920000000000000000e+02
9.150000000000000000e+02
9.090000000000000000e+02
8.950000000000000000e+02
9.120000000000000000e+02
9.160000000000000000e+02
8.730000000000000000e+02
8.530000000000000000e+02
8.180000000000000000e+02
7.830000000000000000e+02
7.910000000000000000e+02
8.030000000000000000e+02
8.380000000000000000e+02
8.980000000000000000e+02
