1.048000000000000000e+03
1.033000000000000000e+03
1.008000000000000000e+03
9.880000000000000000e+02
9.720000000000000000e+02
9.460000000000000000e+02
9.600000000000000000e+02
9.500000000000000000e+02
9.410000000000000000e+02
8.990000000000000000e+02
8.680000000000000000e+02
8.350000000000000000e+02
7.980000000000000000e+02
7.870000000000000000e+02
7.690000000000000000e+02
7.650000000000000000e+02
7.370000000000000000e+02
7.090000000000000000e+02
6.880000000000000000e+02
6.930000000000000000e+02
6.970000000000000000e+02
6.820000000000000000e+02
6.770000000000000000e+02
6.660000000000000000e+02
6.490000000000000000e+02
6.470000000000000000e+02
6.290000000000000000e+02
6.470000000000000000e+02
6.370000000000000000e+02
6.330000000000000000e+02
6.180000000000000000e+02
6.050000000000000000e+02
