4.090000000000000000e+02
4.620000000000000000e+02
4.930000000000000000e+02
5.210000000000000000e+02
5.170000000000000000e+02
5.330000000000000000e+02
5.310000000000000000e+02
5.410000000000000000e+02
5.590000000000000000e+02
5.620000000000000000e+02
5.660000000000000000e+02
5.700000000000000000e+02
5.850000000000000000e+02
5.850000000000000000e+02
6.160000000000000000e+02
6.420000000000000000e+02
6.460000000000000000e+02
6.550000000000000000e+02
6.660000000000000000e+02
6.850000000000000000e+02
6.970000000000000000e+02
6.700000000000000000e+02
6.780000000000000000e+02
6.960000000000000000e+02
7.040000000000000000e+02
7.130000000000000000e+02
6.960000000000000000e+02
6.730000000000000000e+02
6.750000000000000000e+02
6.550000000000000000e+02
6.490000000000000000e+02
6.560000000000000000e+02
