1.238100000000000000e+04
1.234900000000000000e+04
1.229900000000000000e+04
1.242000000000000000e+04
1.245500000000000000e+04
1.248200000000000000e+04
1.244100000000000000e+04
1.247500000000000000e+04
1.248900000000000000e+04
1.252200000000000000e+04
1.248400000000000000e+04
1.256000000000000000e+04
1.257000000000000000e+04
1.260100000000000000e+04
1.257500000000000000e+04
1.258000000000000000e+04
1.255300000000000000e+04
1.252300000000000000e+04
1.242400000000000000e+04
1.238600000000000000e+04
1.238200000000000000e+04
1.232100000000000000e+04
1.235400000000000000e+04
1.254400000000000000e+04
1.268900000000000000e+04
1.270400000000000000e+04
1.266400000000000000e+04
1.256900000000000000e+04
1.248700000000000000e+04
1.247300000000000000e+04
1.260800000000000000e+04
1.249900000000000000e+04
