9.350000000000000000e+02
9.310000000000000000e+02
9.280000000000000000e+02
9.500000000000000000e+02
9.160000000000000000e+02
8.720000000000000000e+02
8.690000000000000000e+02
8.560000000000000000e+02
8.640000000000000000e+02
8.400000000000000000e+02
8.330000000000000000e+02
8.460000000000000000e+02
8.510000000000000000e+02
8.630000000000000000e+02
8.770000000000000000e+02
9.010000000000000000e+02
9.160000000000000000e+02
9.460000000000000000e+02
9.230000000000000000e+02
9.350000000000000000e+02
9.560000000000000000e+02
9.590000000000000000e+02
9.580000000000000000e+02
9.250000000000000000e+02
8.940000000000000000e+02
8.640000000000000000e+02
8.040000000000000000e+02
8.010000000000000000e+02
8.470000000000000000e+02
8.900000000000000000e+02
9.190000000000000000e+02
9.700000000000000000e+02
