2.875000000000000000e+03
2.873000000000000000e+03
2.889000000000000000e+03
2.941000000000000000e+03
2.931000000000000000e+03
2.923000000000000000e+03
2.943000000000000000e+03
2.952000000000000000e+03
2.977000000000000000e+03
2.958000000000000000e+03
2.951000000000000000e+03
2.974000000000000000e+03
2.978000000000000000e+03
3.017000000000000000e+03
3.044000000000000000e+03
3.077000000000000000e+03
3.094000000000000000e+03
3.134000000000000000e+03
3.142000000000000000e+03
3.170000000000000000e+03
3.189000000000000000e+03
3.248000000000000000e+03
3.265000000000000000e+03
3.265000000000000000e+03
3.239000000000000000e+03
3.208000000000000000e+03
3.193000000000000000e+03
3.229000000000000000e+03
3.293000000000000000e+03
3.352000000000000000e+03
3.404000000000000000e+03
3.479000000000000000e+03
