1.601000000000000000e+03
1.577000000000000000e+03
1.577000000000000000e+03
1.584000000000000000e+03
1.582000000000000000e+03
1.585000000000000000e+03
1.554000000000000000e+03
1.567000000000000000e+03
1.593000000000000000e+03
1.597000000000000000e+03
1.588000000000000000e+03
1.566000000000000000e+03
1.575000000000000000e+03
1.537000000000000000e+03
1.490000000000000000e+03
1.469000000000000000e+03
1.476000000000000000e+03
1.459000000000000000e+03
1.418000000000000000e+03
1.421000000000000000e+03
1.474000000000000000e+03
1.504000000000000000e+03
1.519000000000000000e+03
1.581000000000000000e+03
1.600000000000000000e+03
1.608000000000000000e+03
1.625000000000000000e+03
1.679000000000000000e+03
1.709000000000000000e+03
1.743000000000000000e+03
1.778000000000000000e+03
1.760000000000000000e+03
