1.346000000000000000e+03
1.341000000000000000e+03
1.372000000000000000e+03
1.413000000000000000e+03
1.472000000000000000e+03
1.494000000000000000e+03
1.528000000000000000e+03
1.570000000000000000e+03
1.606000000000000000e+03
1.634000000000000000e+03
1.655000000000000000e+03
1.658000000000000000e+03
1.620000000000000000e+03
1.616000000000000000e+03
1.618000000000000000e+03
1.632000000000000000e+03
1.638000000000000000e+03
1.646000000000000000e+03
1.665000000000000000e+03
1.699000000000000000e+03
1.744000000000000000e+03
1.716000000000000000e+03
1.732000000000000000e+03
1.722000000000000000e+03
1.699000000000000000e+03
1.706000000000000000e+03
1.670000000000000000e+03
1.597000000000000000e+03
1.556000000000000000e+03
1.502000000000000000e+03
1.498000000000000000e+03
1.458000000000000000e+03
