2.960000000000000000e+02
2.730000000000000000e+02
2.500000000000000000e+02
2.450000000000000000e+02
2.470000000000000000e+02
2.770000000000000000e+02
3.090000000000000000e+02
3.180000000000000000e+02
3.450000000000000000e+02
3.660000000000000000e+02
3.950000000000000000e+02
4.180000000000000000e+02
4.340000000000000000e+02
4.590000000000000000e+02
4.540000000000000000e+02
4.650000000000000000e+02
4.620000000000000000e+02
4.720000000000000000e+02
4.750000000000000000e+02
4.760000000000000000e+02
4.940000000000000000e+02
5.100000000000000000e+02
5.150000000000000000e+02
5.070000000000000000e+02
5.220000000000000000e+02
5.220000000000000000e+02
5.300000000000000000e+02
5.270000000000000000e+02
5.450000000000000000e+02
5.460000000000000000e+02
5.340000000000000000e+02
5.290000000000000000e+02
