1.072000000000000000e+03
1.066000000000000000e+03
1.054000000000000000e+03
1.036000000000000000e+03
9.980000000000000000e+02
9.570000000000000000e+02
8.790000000000000000e+02
8.620000000000000000e+02
9.180000000000000000e+02
9.700000000000000000e+02
9.890000000000000000e+02
1.040000000000000000e+03
1.112000000000000000e+03
1.192000000000000000e+03
1.287000000000000000e+03
1.368000000000000000e+03
1.473000000000000000e+03
1.520000000000000000e+03
1.522000000000000000e+03
1.545000000000000000e+03
1.595000000000000000e+03
1.641000000000000000e+03
1.653000000000000000e+03
1.657000000000000000e+03
1.649000000000000000e+03
1.722000000000000000e+03
1.741000000000000000e+03
1.748000000000000000e+03
1.742000000000000000e+03
1.704000000000000000e+03
1.697000000000000000e+03
1.656000000000000000e+03
