1.737000000000000000e+03
1.694000000000000000e+03
1.647000000000000000e+03
1.696000000000000000e+03
1.697000000000000000e+03
1.640000000000000000e+03
1.636000000000000000e+03
1.629000000000000000e+03
1.624000000000000000e+03
1.632000000000000000e+03
1.597000000000000000e+03
1.593000000000000000e+03
1.613000000000000000e+03
1.596000000000000000e+03
1.619000000000000000e+03
1.613000000000000000e+03
1.586000000000000000e+03
1.590000000000000000e+03
1.630000000000000000e+03
1.646000000000000000e+03
1.659000000000000000e+03
1.642000000000000000e+03
1.611000000000000000e+03
1.591000000000000000e+03
1.563000000000000000e+03
1.546000000000000000e+03
1.532000000000000000e+03
1.483000000000000000e+03
1.463000000000000000e+03
1.441000000000000000e+03
1.459000000000000000e+03
1.487000000000000000e+03
