2.545000000000000000e+03
2.562000000000000000e+03
2.596000000000000000e+03
2.643000000000000000e+03
2.679000000000000000e+03
2.724000000000000000e+03
2.746000000000000000e+03
2.791000000000000000e+03
2.821000000000000000e+03
2.829000000000000000e+03
2.856000000000000000e+03
2.876000000000000000e+03
2.866000000000000000e+03
2.852000000000000000e+03
2.871000000000000000e+03
2.853000000000000000e+03
2.855000000000000000e+03
2.850000000000000000e+03
2.878000000000000000e+03
2.863000000000000000e+03
2.867000000000000000e+03
2.842000000000000000e+03
2.847000000000000000e+03
2.855000000000000000e+03
2.870000000000000000e+03
2.890000000000000000e+03
2.941000000000000000e+03
2.972000000000000000e+03
2.912000000000000000e+03
2.952000000000000000e+03
2.970000000000000000e+03
3.032000000000000000e+03
