5.188000000000000000e+03
5.154000000000000000e+03
5.180000000000000000e+03
5.119000000000000000e+03
5.080000000000000000e+03
5.060000000000000000e+03
4.962000000000000000e+03
4.903000000000000000e+03
4.842000000000000000e+03
4.802000000000000000e+03
4.760000000000000000e+03
4.717000000000000000e+03
4.631000000000000000e+03
4.584000000000000000e+03
4.499000000000000000e+03
4.410000000000000000e+03
4.361000000000000000e+03
4.329000000000000000e+03
4.279000000000000000e+03
4.164000000000000000e+03
4.095000000000000000e+03
3.970000000000000000e+03
3.745000000000000000e+03
3.844000000000000000e+03
3.816000000000000000e+03
3.773000000000000000e+03
3.657000000000000000e+03
3.613000000000000000e+03
3.512000000000000000e+03
3.509000000000000000e+03
3.302000000000000000e+03
3.276000000000000000e+03
