1.210800000000000000e+04
1.194400000000000000e+04
1.177700000000000000e+04
1.163800000000000000e+04
1.140600000000000000e+04
1.122100000000000000e+04
1.105200000000000000e+04
1.090600000000000000e+04
1.077000000000000000e+04
1.060300000000000000e+04
1.044800000000000000e+04
1.027500000000000000e+04
1.013200000000000000e+04
9.984000000000000000e+03
9.869000000000000000e+03
9.757000000000000000e+03
9.665000000000000000e+03
9.566000000000000000e+03
9.476000000000000000e+03
9.476000000000000000e+03
9.413000000000000000e+03
9.360000000000000000e+03
9.335000000000000000e+03
9.310000000000000000e+03
9.331000000000000000e+03
9.329000000000000000e+03
9.354000000000000000e+03
9.358000000000000000e+03
9.357000000000000000e+03
9.386000000000000000e+03
9.408000000000000000e+03
9.421000000000000000e+03
