4.751000000000000000e+03
4.814000000000000000e+03
4.892000000000000000e+03
4.981000000000000000e+03
5.050000000000000000e+03
5.098000000000000000e+03
5.092000000000000000e+03
5.178000000000000000e+03
5.254000000000000000e+03
5.365000000000000000e+03
5.375000000000000000e+03
5.403000000000000000e+03
5.378000000000000000e+03
5.459000000000000000e+03
5.435000000000000000e+03
5.441000000000000000e+03
5.489000000000000000e+03
5.459000000000000000e+03
5.473000000000000000e+03
5.472000000000000000e+03
5.497000000000000000e+03
5.475000000000000000e+03
5.504000000000000000e+03
5.560000000000000000e+03
5.528000000000000000e+03
5.545000000000000000e+03
5.583000000000000000e+03
5.621000000000000000e+03
5.597000000000000000e+03
5.595000000000000000e+03
5.592000000000000000e+03
5.627000000000000000e+03
