7.090000000000000000e+02
6.360000000000000000e+02
5.970000000000000000e+02
6.090000000000000000e+02
6.440000000000000000e+02
6.590000000000000000e+02
7.250000000000000000e+02
7.790000000000000000e+02
8.630000000000000000e+02
9.310000000000000000e+02
1.005000000000000000e+03
1.089000000000000000e+03
1.174000000000000000e+03
1.197000000000000000e+03
1.232000000000000000e+03
1.275000000000000000e+03
1.297000000000000000e+03
1.323000000000000000e+03
1.351000000000000000e+03
1.369000000000000000e+03
1.402000000000000000e+03
1.402000000000000000e+03
1.432000000000000000e+03
1.479000000000000000e+03
1.501000000000000000e+03
1.567000000000000000e+03
1.591000000000000000e+03
1.634000000000000000e+03
1.652000000000000000e+03
1.656000000000000000e+03
1.698000000000000000e+03
1.689000000000000000e+03
