3.972000000000000000e+03
3.969000000000000000e+03
3.925000000000000000e+03
3.886000000000000000e+03
3.989000000000000000e+03
4.178000000000000000e+03
4.344000000000000000e+03
4.525000000000000000e+03
4.573000000000000000e+03
4.620000000000000000e+03
4.726000000000000000e+03
4.781000000000000000e+03
4.858000000000000000e+03
4.925000000000000000e+03
4.988000000000000000e+03
5.032000000000000000e+03
5.023000000000000000e+03
5.091000000000000000e+03
5.169000000000000000e+03
5.271000000000000000e+03
5.307000000000000000e+03
5.346000000000000000e+03
5.348000000000000000e+03
5.413000000000000000e+03
5.393000000000000000e+03
5.397000000000000000e+03
5.437000000000000000e+03
5.410000000000000000e+03
5.419000000000000000e+03
5.381000000000000000e+03
5.393000000000000000e+03
5.389000000000000000e+03
