2.240000000000000000e+02
2.090000000000000000e+02
1.840000000000000000e+02
1.820000000000000000e+02
1.810000000000000000e+02
1.850000000000000000e+02
1.940000000000000000e+02
2.150000000000000000e+02
2.250000000000000000e+02
2.370000000000000000e+02
2.410000000000000000e+02
2.390000000000000000e+02
2.590000000000000000e+02
2.670000000000000000e+02
2.610000000000000000e+02
2.810000000000000000e+02
2.860000000000000000e+02
2.840000000000000000e+02
2.780000000000000000e+02
2.830000000000000000e+02
3.030000000000000000e+02
2.990000000000000000e+02
3.090000000000000000e+02
3.240000000000000000e+02
3.410000000000000000e+02
3.610000000000000000e+02
3.870000000000000000e+02
4.030000000000000000e+02
4.310000000000000000e+02
4.340000000000000000e+02
4.390000000000000000e+02
4.430000000000000000e+02
