1.358000000000000000e+03
1.334000000000000000e+03
1.320000000000000000e+03
1.298000000000000000e+03
1.281000000000000000e+03
1.265000000000000000e+03
1.246000000000000000e+03
1.230000000000000000e+03
1.208000000000000000e+03
1.171000000000000000e+03
1.194000000000000000e+03
1.183000000000000000e+03
1.166000000000000000e+03
1.130000000000000000e+03
1.123000000000000000e+03
1.103000000000000000e+03
1.087000000000000000e+03
1.070000000000000000e+03
1.040000000000000000e+03
1.038000000000000000e+03
9.900000000000000000e+02
9.540000000000000000e+02
8.660000000000000000e+02
9.110000000000000000e+02
8.960000000000000000e+02
8.960000000000000000e+02
8.360000000000000000e+02
8.170000000000000000e+02
7.940000000000000000e+02
7.940000000000000000e+02
7.720000000000000000e+02
7.740000000000000000e+02
