1.409000000000000000e+03
1.374000000000000000e+03
1.366000000000000000e+03
1.404000000000000000e+03
1.429000000000000000e+03
1.404000000000000000e+03
1.410000000000000000e+03
1.415000000000000000e+03
1.409000000000000000e+03
1.409000000000000000e+03
1.358000000000000000e+03
1.327000000000000000e+03
1.301000000000000000e+03
1.275000000000000000e+03
1.261000000000000000e+03
1.242000000000000000e+03
1.223000000000000000e+03
1.215000000000000000e+03
1.189000000000000000e+03
1.151000000000000000e+03
1.187000000000000000e+03
1.093000000000000000e+03
1.026000000000000000e+03
1.009000000000000000e+03
9.880000000000000000e+02
9.500000000000000000e+02
9.320000000000000000e+02
9.250000000000000000e+02
8.980000000000000000e+02
8.920000000000000000e+02
8.450000000000000000e+02
8.150000000000000000e+02
