3.490000000000000000e+02
3.620000000000000000e+02
3.850000000000000000e+02
4.010000000000000000e+02
3.830000000000000000e+02
4.160000000000000000e+02
4.230000000000000000e+02
4.210000000000000000e+02
4.190000000000000000e+02
4.260000000000000000e+02
4.310000000000000000e+02
4.530000000000000000e+02
4.450000000000000000e+02
4.570000000000000000e+02
4.790000000000000000e+02
4.960000000000000000e+02
5.170000000000000000e+02
5.450000000000000000e+02
5.660000000000000000e+02
5.720000000000000000e+02
5.780000000000000000e+02
5.650000000000000000e+02
5.820000000000000000e+02
5.870000000000000000e+02
5.990000000000000000e+02
5.800000000000000000e+02
5.660000000000000000e+02
5.610000000000000000e+02
5.570000000000000000e+02
5.450000000000000000e+02
5.400000000000000000e+02
5.400000000000000000e+02
