8.220000000000000000e+02
8.140000000000000000e+02
7.840000000000000000e+02
7.900000000000000000e+02
7.610000000000000000e+02
7.670000000000000000e+02
7.750000000000000000e+02
7.710000000000000000e+02
7.670000000000000000e+02
7.630000000000000000e+02
7.670000000000000000e+02
7.560000000000000000e+02
7.620000000000000000e+02
7.750000000000000000e+02
7.710000000000000000e+02
7.670000000000000000e+02
7.570000000000000000e+02
7.610000000000000000e+02
7.720000000000000000e+02
7.550000000000000000e+02
7.460000000000000000e+02
7.570000000000000000e+02
7.600000000000000000e+02
7.740000000000000000e+02
8.050000000000000000e+02
8.040000000000000000e+02
8.110000000000000000e+02
8.220000000000000000e+02
8.170000000000000000e+02
8.160000000000000000e+02
7.990000000000000000e+02
7.940000000000000000e+02
