2.673000000000000000e+03
2.692000000000000000e+03
2.643000000000000000e+03
2.629000000000000000e+03
2.584000000000000000e+03
2.565000000000000000e+03
2.535000000000000000e+03
2.524000000000000000e+03
2.504000000000000000e+03
2.507000000000000000e+03
2.468000000000000000e+03
2.444000000000000000e+03
2.480000000000000000e+03
2.477000000000000000e+03
2.498000000000000000e+03
2.531000000000000000e+03
2.515000000000000000e+03
2.521000000000000000e+03
2.490000000000000000e+03
2.519000000000000000e+03
2.542000000000000000e+03
2.543000000000000000e+03
2.535000000000000000e+03
2.526000000000000000e+03
2.518000000000000000e+03
2.472000000000000000e+03
2.490000000000000000e+03
2.439000000000000000e+03
2.430000000000000000e+03
2.408000000000000000e+03
2.437000000000000000e+03
2.416000000000000000e+03
