2.538000000000000000e+03
2.593000000000000000e+03
2.595000000000000000e+03
2.634000000000000000e+03
2.636000000000000000e+03
2.674000000000000000e+03
2.667000000000000000e+03
2.642000000000000000e+03
2.674000000000000000e+03
2.677000000000000000e+03
2.645000000000000000e+03
2.651000000000000000e+03
2.624000000000000000e+03
2.612000000000000000e+03
2.582000000000000000e+03
2.570000000000000000e+03
2.535000000000000000e+03
2.524000000000000000e+03
2.516000000000000000e+03
2.527000000000000000e+03
2.478000000000000000e+03
2.446000000000000000e+03
2.484000000000000000e+03
2.482000000000000000e+03
2.493000000000000000e+03
2.523000000000000000e+03
2.517000000000000000e+03
2.551000000000000000e+03
2.531000000000000000e+03
2.543000000000000000e+03
2.533000000000000000e+03
2.547000000000000000e+03
