4.750000000000000000e+02
4.520000000000000000e+02
4.260000000000000000e+02
4.310000000000000000e+02
4.220000000000000000e+02
4.350000000000000000e+02
4.810000000000000000e+02
5.070000000000000000e+02
5.570000000000000000e+02
5.970000000000000000e+02
6.570000000000000000e+02
6.930000000000000000e+02
7.300000000000000000e+02
7.550000000000000000e+02
7.710000000000000000e+02
8.280000000000000000e+02
8.410000000000000000e+02
8.680000000000000000e+02
8.880000000000000000e+02
9.140000000000000000e+02
9.150000000000000000e+02
9.510000000000000000e+02
9.680000000000000000e+02
1.000000000000000000e+03
9.910000000000000000e+02
1.011000000000000000e+03
1.030000000000000000e+03
1.040000000000000000e+03
1.056000000000000000e+03
1.112000000000000000e+03
1.129000000000000000e+03
1.125000000000000000e+03
