1.871000000000000000e+03
1.847000000000000000e+03
1.849000000000000000e+03
1.855000000000000000e+03
1.873000000000000000e+03
1.831000000000000000e+03
1.820000000000000000e+03
1.818000000000000000e+03
1.828000000000000000e+03
1.795000000000000000e+03
1.779000000000000000e+03
1.761000000000000000e+03
1.783000000000000000e+03
1.793000000000000000e+03
1.792000000000000000e+03
1.812000000000000000e+03
1.835000000000000000e+03
1.863000000000000000e+03
1.876000000000000000e+03
1.879000000000000000e+03
1.869000000000000000e+03
1.887000000000000000e+03
1.919000000000000000e+03
1.910000000000000000e+03
1.883000000000000000e+03
1.825000000000000000e+03
1.758000000000000000e+03
1.724000000000000000e+03
1.776000000000000000e+03
1.790000000000000000e+03
1.811000000000000000e+03
1.843000000000000000e+03
