1.960000000000000000e+03
1.954000000000000000e+03
1.889000000000000000e+03
1.840000000000000000e+03
1.810000000000000000e+03
1.801000000000000000e+03
1.747000000000000000e+03
1.781000000000000000e+03
1.745000000000000000e+03
1.753000000000000000e+03
1.709000000000000000e+03
1.648000000000000000e+03
1.665000000000000000e+03
1.661000000000000000e+03
1.643000000000000000e+03
1.606000000000000000e+03
1.618000000000000000e+03
1.571000000000000000e+03
1.582000000000000000e+03
1.545000000000000000e+03
1.538000000000000000e+03
1.519000000000000000e+03
1.523000000000000000e+03
1.541000000000000000e+03
1.546000000000000000e+03
1.549000000000000000e+03
1.526000000000000000e+03
1.560000000000000000e+03
1.567000000000000000e+03
1.580000000000000000e+03
1.626000000000000000e+03
1.680000000000000000e+03
