2.111000000000000000e+03
2.116000000000000000e+03
2.081000000000000000e+03
2.020000000000000000e+03
2.000000000000000000e+03
1.958000000000000000e+03
1.918000000000000000e+03
1.875000000000000000e+03
1.826000000000000000e+03
1.762000000000000000e+03
1.757000000000000000e+03
1.737000000000000000e+03
1.714000000000000000e+03
1.718000000000000000e+03
1.732000000000000000e+03
1.758000000000000000e+03
1.772000000000000000e+03
1.809000000000000000e+03
1.829000000000000000e+03
1.871000000000000000e+03
1.882000000000000000e+03
1.882000000000000000e+03
1.926000000000000000e+03
1.946000000000000000e+03
1.922000000000000000e+03
1.939000000000000000e+03
1.922000000000000000e+03
1.895000000000000000e+03
1.853000000000000000e+03
1.842000000000000000e+03
1.803000000000000000e+03
1.780000000000000000e+03
