1.325000000000000000e+03
1.342000000000000000e+03
1.338000000000000000e+03
1.354000000000000000e+03
1.348000000000000000e+03
1.358000000000000000e+03
1.349000000000000000e+03
1.327000000000000000e+03
1.317000000000000000e+03
1.299000000000000000e+03
1.279000000000000000e+03
1.263000000000000000e+03
1.258000000000000000e+03
1.247000000000000000e+03
1.248000000000000000e+03
1.246000000000000000e+03
1.273000000000000000e+03
1.310000000000000000e+03
1.334000000000000000e+03
1.339000000000000000e+03
1.362000000000000000e+03
1.396000000000000000e+03
1.430000000000000000e+03
1.435000000000000000e+03
1.429000000000000000e+03
1.416000000000000000e+03
1.352000000000000000e+03
1.299000000000000000e+03
1.309000000000000000e+03
1.325000000000000000e+03
1.347000000000000000e+03
1.323000000000000000e+03
