2.032000000000000000e+03
2.048000000000000000e+03
2.080000000000000000e+03
2.073000000000000000e+03
2.056000000000000000e+03
2.046000000000000000e+03
2.012000000000000000e+03
2.003000000000000000e+03
1.981000000000000000e+03
1.962000000000000000e+03
1.933000000000000000e+03
1.918000000000000000e+03
1.892000000000000000e+03
1.868000000000000000e+03
1.875000000000000000e+03
1.882000000000000000e+03
1.888000000000000000e+03
1.837000000000000000e+03
1.820000000000000000e+03
1.817000000000000000e+03
1.825000000000000000e+03
1.617000000000000000e+03
1.517000000000000000e+03
1.503000000000000000e+03
1.449000000000000000e+03
1.400000000000000000e+03
1.349000000000000000e+03
1.320000000000000000e+03
1.278000000000000000e+03
1.252000000000000000e+03
1.196000000000000000e+03
1.145000000000000000e+03
