3.205000000000000000e+03
3.270000000000000000e+03
3.328000000000000000e+03
3.407000000000000000e+03
3.465000000000000000e+03
3.522000000000000000e+03
3.580000000000000000e+03
3.621000000000000000e+03
3.665000000000000000e+03
3.724000000000000000e+03
3.754000000000000000e+03
3.791000000000000000e+03
3.858000000000000000e+03
3.912000000000000000e+03
3.972000000000000000e+03
4.022000000000000000e+03
4.066000000000000000e+03
4.120000000000000000e+03
4.184000000000000000e+03
4.240000000000000000e+03
4.271000000000000000e+03
4.343000000000000000e+03
4.400000000000000000e+03
4.439000000000000000e+03
4.480000000000000000e+03
4.509000000000000000e+03
4.501000000000000000e+03
4.491000000000000000e+03
4.519000000000000000e+03
4.576000000000000000e+03
4.623000000000000000e+03
4.656000000000000000e+03
