1.960000000000000000e+03
1.936000000000000000e+03
1.909000000000000000e+03
1.881000000000000000e+03
1.881000000000000000e+03
1.878000000000000000e+03
1.888000000000000000e+03
1.848000000000000000e+03
1.830000000000000000e+03
1.824000000000000000e+03
1.805000000000000000e+03
1.775000000000000000e+03
1.762000000000000000e+03
1.743000000000000000e+03
1.700000000000000000e+03
1.648000000000000000e+03
1.617000000000000000e+03
1.587000000000000000e+03
1.554000000000000000e+03
1.500000000000000000e+03
1.461000000000000000e+03
1.399000000000000000e+03
1.328000000000000000e+03
1.368000000000000000e+03
1.305000000000000000e+03
1.302000000000000000e+03
1.238000000000000000e+03
1.247000000000000000e+03
1.210000000000000000e+03
1.233000000000000000e+03
1.169000000000000000e+03
1.195000000000000000e+03
