2.445000000000000000e+03
2.429000000000000000e+03
2.398000000000000000e+03
2.392000000000000000e+03
2.352000000000000000e+03
2.313000000000000000e+03
2.257000000000000000e+03
2.216000000000000000e+03
2.184000000000000000e+03
2.113000000000000000e+03
2.077000000000000000e+03
2.056000000000000000e+03
2.060000000000000000e+03
2.059000000000000000e+03
2.070000000000000000e+03
2.060000000000000000e+03
2.083000000000000000e+03
2.086000000000000000e+03
2.069000000000000000e+03
2.092000000000000000e+03
2.050000000000000000e+03
2.056000000000000000e+03
2.018000000000000000e+03
1.965000000000000000e+03
1.913000000000000000e+03
1.874000000000000000e+03
1.840000000000000000e+03
1.795000000000000000e+03
1.778000000000000000e+03
1.690000000000000000e+03
1.686000000000000000e+03
1.680000000000000000e+03
