1.487000000000000000e+03
1.442000000000000000e+03
1.415000000000000000e+03
1.409000000000000000e+03
1.380000000000000000e+03
1.357000000000000000e+03
1.309000000000000000e+03
1.292000000000000000e+03
1.283000000000000000e+03
1.263000000000000000e+03
1.268000000000000000e+03
1.267000000000000000e+03
1.235000000000000000e+03
1.189000000000000000e+03
1.201000000000000000e+03
1.196000000000000000e+03
1.195000000000000000e+03
1.165000000000000000e+03
1.158000000000000000e+03
1.144000000000000000e+03
1.132000000000000000e+03
1.110000000000000000e+03
1.113000000000000000e+03
1.113000000000000000e+03
1.120000000000000000e+03
1.103000000000000000e+03
1.072000000000000000e+03
1.063000000000000000e+03
1.053000000000000000e+03
1.053000000000000000e+03
1.060000000000000000e+03
1.086000000000000000e+03
