1.380000000000000000e+02
1.470000000000000000e+02
1.510000000000000000e+02
1.610000000000000000e+02
1.630000000000000000e+02
1.760000000000000000e+02
1.660000000000000000e+02
1.610000000000000000e+02
1.560000000000000000e+02
1.580000000000000000e+02
1.580000000000000000e+02
1.570000000000000000e+02
1.540000000000000000e+02
1.440000000000000000e+02
1.570000000000000000e+02
1.580000000000000000e+02
1.620000000000000000e+02
1.720000000000000000e+02
1.900000000000000000e+02
1.990000000000000000e+02
2.190000000000000000e+02
2.360000000000000000e+02
2.490000000000000000e+02
2.620000000000000000e+02
2.640000000000000000e+02
2.740000000000000000e+02
2.920000000000000000e+02
3.020000000000000000e+02
3.060000000000000000e+02
3.170000000000000000e+02
3.010000000000000000e+02
3.180000000000000000e+02
