4.200000000000000000e+01
3.900000000000000000e+01
3.600000000000000000e+01
3.500000000000000000e+01
3.700000000000000000e+01
4.000000000000000000e+01
4.300000000000000000e+01
4.600000000000000000e+01
4.600000000000000000e+01
4.400000000000000000e+01
4.900000000000000000e+01
5.600000000000000000e+01
5.600000000000000000e+01
6.100000000000000000e+01
6.200000000000000000e+01
6.800000000000000000e+01
6.400000000000000000e+01
6.100000000000000000e+01
5.900000000000000000e+01
6.600000000000000000e+01
6.300000000000000000e+01
6.500000000000000000e+01
5.900000000000000000e+01
5.700000000000000000e+01
6.400000000000000000e+01
7.000000000000000000e+01
7.100000000000000000e+01
7.400000000000000000e+01
8.100000000000000000e+01
8.200000000000000000e+01
9.400000000000000000e+01
9.800000000000000000e+01
