5.170000000000000000e+02
5.270000000000000000e+02
5.530000000000000000e+02
5.750000000000000000e+02
6.010000000000000000e+02
6.620000000000000000e+02
7.090000000000000000e+02
7.430000000000000000e+02
7.460000000000000000e+02
7.340000000000000000e+02
7.570000000000000000e+02
8.030000000000000000e+02
8.140000000000000000e+02
8.130000000000000000e+02
8.220000000000000000e+02
8.680000000000000000e+02
9.000000000000000000e+02
9.210000000000000000e+02
9.510000000000000000e+02
9.820000000000000000e+02
1.005000000000000000e+03
1.043000000000000000e+03
1.054000000000000000e+03
1.067000000000000000e+03
1.058000000000000000e+03
1.036000000000000000e+03
9.990000000000000000e+02
9.950000000000000000e+02
1.012000000000000000e+03
9.950000000000000000e+02
9.840000000000000000e+02
9.660000000000000000e+02
