9.460000000000000000e+02
9.130000000000000000e+02
9.110000000000000000e+02
9.000000000000000000e+02
8.740000000000000000e+02
8.730000000000000000e+02
8.540000000000000000e+02
8.380000000000000000e+02
8.140000000000000000e+02
7.940000000000000000e+02
7.510000000000000000e+02
7.570000000000000000e+02
7.370000000000000000e+02
7.250000000000000000e+02
6.960000000000000000e+02
6.730000000000000000e+02
6.620000000000000000e+02
6.630000000000000000e+02
6.770000000000000000e+02
6.490000000000000000e+02
6.520000000000000000e+02
6.450000000000000000e+02
6.270000000000000000e+02
6.350000000000000000e+02
6.340000000000000000e+02
6.270000000000000000e+02
6.140000000000000000e+02
5.990000000000000000e+02
6.010000000000000000e+02
6.200000000000000000e+02
6.210000000000000000e+02
6.140000000000000000e+02
