8.630000000000000000e+02
8.720000000000000000e+02
8.930000000000000000e+02
9.090000000000000000e+02
9.140000000000000000e+02
9.190000000000000000e+02
9.340000000000000000e+02
9.510000000000000000e+02
9.580000000000000000e+02
9.800000000000000000e+02
9.820000000000000000e+02
1.028000000000000000e+03
1.018000000000000000e+03
1.001000000000000000e+03
1.010000000000000000e+03
1.032000000000000000e+03
1.026000000000000000e+03
1.024000000000000000e+03
1.022000000000000000e+03
1.025000000000000000e+03
1.050000000000000000e+03
9.370000000000000000e+02
9.120000000000000000e+02
9.230000000000000000e+02
9.410000000000000000e+02
9.220000000000000000e+02
9.080000000000000000e+02
9.040000000000000000e+02
8.890000000000000000e+02
8.960000000000000000e+02
8.970000000000000000e+02
8.650000000000000000e+02
