1.100000000000000000e+03
1.085000000000000000e+03
1.065000000000000000e+03
1.016000000000000000e+03
1.015000000000000000e+03
1.021000000000000000e+03
1.007000000000000000e+03
9.770000000000000000e+02
9.790000000000000000e+02
9.760000000000000000e+02
9.650000000000000000e+02
9.730000000000000000e+02
9.840000000000000000e+02
9.790000000000000000e+02
9.490000000000000000e+02
9.140000000000000000e+02
9.010000000000000000e+02
8.710000000000000000e+02
8.430000000000000000e+02
8.140000000000000000e+02
8.030000000000000000e+02
7.670000000000000000e+02
8.010000000000000000e+02
6.960000000000000000e+02
6.860000000000000000e+02
6.920000000000000000e+02
6.910000000000000000e+02
7.060000000000000000e+02
7.110000000000000000e+02
7.200000000000000000e+02
6.850000000000000000e+02
7.150000000000000000e+02
