1.251000000000000000e+03
1.255000000000000000e+03
1.253000000000000000e+03
1.252000000000000000e+03
1.244000000000000000e+03
1.220000000000000000e+03
1.203000000000000000e+03
1.202000000000000000e+03
1.199000000000000000e+03
1.192000000000000000e+03
1.196000000000000000e+03
1.180000000000000000e+03
1.198000000000000000e+03
1.196000000000000000e+03
1.209000000000000000e+03
1.226000000000000000e+03
1.221000000000000000e+03
1.203000000000000000e+03
1.202000000000000000e+03
1.190000000000000000e+03
1.180000000000000000e+03
1.188000000000000000e+03
1.169000000000000000e+03
1.163000000000000000e+03
1.148000000000000000e+03
1.120000000000000000e+03
1.119000000000000000e+03
1.128000000000000000e+03
1.114000000000000000e+03
1.103000000000000000e+03
1.089000000000000000e+03
1.065000000000000000e+03
