1.504400000000000000e+04
1.504300000000000000e+04
1.505100000000000000e+04
1.503200000000000000e+04
1.503800000000000000e+04
1.504800000000000000e+04
1.503300000000000000e+04
1.500800000000000000e+04
1.505100000000000000e+04
1.508000000000000000e+04
1.508500000000000000e+04
1.505300000000000000e+04
1.505800000000000000e+04
1.505400000000000000e+04
1.508900000000000000e+04
1.512300000000000000e+04
1.514200000000000000e+04
1.512700000000000000e+04
1.514400000000000000e+04
1.515900000000000000e+04
1.517800000000000000e+04
1.501900000000000000e+04
1.510000000000000000e+04
1.502000000000000000e+04
1.496800000000000000e+04
1.493200000000000000e+04
1.497400000000000000e+04
1.494200000000000000e+04
1.494300000000000000e+04
1.493900000000000000e+04
1.484800000000000000e+04
1.481200000000000000e+04
