1.926300000000000000e+04
1.930000000000000000e+04
1.931900000000000000e+04
1.942000000000000000e+04
1.950200000000000000e+04
1.950300000000000000e+04
1.952900000000000000e+04
1.954900000000000000e+04
1.960200000000000000e+04
1.960500000000000000e+04
1.956200000000000000e+04
1.949700000000000000e+04
1.954900000000000000e+04
1.955000000000000000e+04
1.955800000000000000e+04
1.958600000000000000e+04
1.961600000000000000e+04
1.968800000000000000e+04
1.975100000000000000e+04
1.984000000000000000e+04
1.988500000000000000e+04
1.968700000000000000e+04
1.974000000000000000e+04
1.975300000000000000e+04
1.984200000000000000e+04
1.988400000000000000e+04
1.987600000000000000e+04
1.986200000000000000e+04
1.989100000000000000e+04
1.996700000000000000e+04
1.991400000000000000e+04
1.990600000000000000e+04
