9.410000000000000000e+02
9.390000000000000000e+02
9.310000000000000000e+02
9.410000000000000000e+02
9.560000000000000000e+02
9.490000000000000000e+02
9.520000000000000000e+02
9.490000000000000000e+02
9.170000000000000000e+02
9.360000000000000000e+02
9.390000000000000000e+02
9.690000000000000000e+02
1.004000000000000000e+03
1.019000000000000000e+03
1.019000000000000000e+03
9.960000000000000000e+02
9.930000000000000000e+02
9.960000000000000000e+02
1.038000000000000000e+03
1.039000000000000000e+03
1.038000000000000000e+03
1.026000000000000000e+03
1.014000000000000000e+03
1.020000000000000000e+03
1.040000000000000000e+03
1.107000000000000000e+03
1.150000000000000000e+03
1.195000000000000000e+03
1.221000000000000000e+03
1.258000000000000000e+03
1.305000000000000000e+03
1.319000000000000000e+03
