1.483000000000000000e+03
1.467000000000000000e+03
1.456000000000000000e+03
1.500000000000000000e+03
1.515000000000000000e+03
1.489000000000000000e+03
1.483000000000000000e+03
1.469000000000000000e+03
1.452000000000000000e+03
1.452000000000000000e+03
1.442000000000000000e+03
1.453000000000000000e+03
1.453000000000000000e+03
1.438000000000000000e+03
1.429000000000000000e+03
1.419000000000000000e+03
1.470000000000000000e+03
1.506000000000000000e+03
1.562000000000000000e+03
1.547000000000000000e+03
1.550000000000000000e+03
1.531000000000000000e+03
1.550000000000000000e+03
1.537000000000000000e+03
1.549000000000000000e+03
1.541000000000000000e+03
1.483000000000000000e+03
1.462000000000000000e+03
1.446000000000000000e+03
1.450000000000000000e+03
1.457000000000000000e+03
1.477000000000000000e+03
