2.260000000000000000e+02
2.290000000000000000e+02
2.100000000000000000e+02
2.050000000000000000e+02
1.990000000000000000e+02
2.100000000000000000e+02
2.250000000000000000e+02
2.360000000000000000e+02
2.480000000000000000e+02
2.680000000000000000e+02
2.740000000000000000e+02
2.750000000000000000e+02
2.970000000000000000e+02
3.190000000000000000e+02
3.390000000000000000e+02
3.440000000000000000e+02
3.620000000000000000e+02
3.690000000000000000e+02
3.830000000000000000e+02
3.820000000000000000e+02
3.860000000000000000e+02
3.920000000000000000e+02
3.880000000000000000e+02
3.900000000000000000e+02
3.990000000000000000e+02
4.120000000000000000e+02
4.190000000000000000e+02
4.310000000000000000e+02
4.240000000000000000e+02
4.350000000000000000e+02
4.500000000000000000e+02
4.630000000000000000e+02
