3.509000000000000000e+03
3.459000000000000000e+03
3.452000000000000000e+03
3.403000000000000000e+03
3.392000000000000000e+03
3.349000000000000000e+03
3.312000000000000000e+03
3.279000000000000000e+03
3.278000000000000000e+03
3.221000000000000000e+03
3.180000000000000000e+03
3.105000000000000000e+03
3.077000000000000000e+03
3.031000000000000000e+03
3.022000000000000000e+03
3.000000000000000000e+03
2.980000000000000000e+03
2.975000000000000000e+03
2.986000000000000000e+03
3.007000000000000000e+03
3.002000000000000000e+03
3.027000000000000000e+03
3.025000000000000000e+03
3.018000000000000000e+03
3.032000000000000000e+03
3.046000000000000000e+03
3.032000000000000000e+03
3.018000000000000000e+03
3.029000000000000000e+03
3.054000000000000000e+03
3.090000000000000000e+03
3.088000000000000000e+03
