1.029000000000000000e+03
1.017000000000000000e+03
1.014000000000000000e+03
1.008000000000000000e+03
1.010000000000000000e+03
9.920000000000000000e+02
9.610000000000000000e+02
9.490000000000000000e+02
9.730000000000000000e+02
9.560000000000000000e+02
9.490000000000000000e+02
9.210000000000000000e+02
9.370000000000000000e+02
9.280000000000000000e+02
9.180000000000000000e+02
9.160000000000000000e+02
9.280000000000000000e+02
9.420000000000000000e+02
9.390000000000000000e+02
9.800000000000000000e+02
9.700000000000000000e+02
1.007000000000000000e+03
1.031000000000000000e+03
1.036000000000000000e+03
1.058000000000000000e+03
1.066000000000000000e+03
1.089000000000000000e+03
1.058000000000000000e+03
1.085000000000000000e+03
1.085000000000000000e+03
1.110000000000000000e+03
1.099000000000000000e+03
