1.321000000000000000e+03
1.297000000000000000e+03
1.314000000000000000e+03
1.305000000000000000e+03
1.324000000000000000e+03
1.299000000000000000e+03
1.309000000000000000e+03
1.322000000000000000e+03
1.329000000000000000e+03
1.372000000000000000e+03
1.358000000000000000e+03
1.347000000000000000e+03
1.364000000000000000e+03
1.369000000000000000e+03
1.345000000000000000e+03
1.342000000000000000e+03
1.368000000000000000e+03
1.367000000000000000e+03
1.375000000000000000e+03
1.378000000000000000e+03
1.378000000000000000e+03
1.330000000000000000e+03
1.334000000000000000e+03
1.311000000000000000e+03
1.302000000000000000e+03
1.312000000000000000e+03
1.308000000000000000e+03
1.290000000000000000e+03
1.305000000000000000e+03
1.273000000000000000e+03
1.278000000000000000e+03
1.264000000000000000e+03
