4.650000000000000000e+02
4.870000000000000000e+02
5.090000000000000000e+02
5.260000000000000000e+02
5.360000000000000000e+02
5.470000000000000000e+02
5.510000000000000000e+02
5.330000000000000000e+02
5.450000000000000000e+02
5.470000000000000000e+02
5.480000000000000000e+02
5.410000000000000000e+02
5.760000000000000000e+02
5.870000000000000000e+02
5.800000000000000000e+02
5.710000000000000000e+02
5.790000000000000000e+02
5.930000000000000000e+02
6.090000000000000000e+02
6.100000000000000000e+02
6.270000000000000000e+02
7.150000000000000000e+02
7.010000000000000000e+02
7.250000000000000000e+02
7.360000000000000000e+02
7.210000000000000000e+02
7.150000000000000000e+02
6.900000000000000000e+02
6.920000000000000000e+02
6.950000000000000000e+02
6.760000000000000000e+02
6.540000000000000000e+02
