1.674000000000000000e+03
1.666000000000000000e+03
1.601000000000000000e+03
1.576000000000000000e+03
1.518000000000000000e+03
1.491000000000000000e+03
1.423000000000000000e+03
1.387000000000000000e+03
1.350000000000000000e+03
1.356000000000000000e+03
1.335000000000000000e+03
1.334000000000000000e+03
1.326000000000000000e+03
1.328000000000000000e+03
1.307000000000000000e+03
1.303000000000000000e+03
1.332000000000000000e+03
1.321000000000000000e+03
1.273000000000000000e+03
1.221000000000000000e+03
1.217000000000000000e+03
1.130000000000000000e+03
1.101000000000000000e+03
1.095000000000000000e+03
1.064000000000000000e+03
1.058000000000000000e+03
1.006000000000000000e+03
1.023000000000000000e+03
9.830000000000000000e+02
1.023000000000000000e+03
9.870000000000000000e+02
9.990000000000000000e+02
