3.203000000000000000e+03
3.181000000000000000e+03
3.152000000000000000e+03
3.067000000000000000e+03
2.978000000000000000e+03
2.936000000000000000e+03
2.871000000000000000e+03
2.836000000000000000e+03
2.813000000000000000e+03
2.763000000000000000e+03
2.715000000000000000e+03
2.650000000000000000e+03
2.604000000000000000e+03
2.578000000000000000e+03
2.572000000000000000e+03
2.555000000000000000e+03
2.535000000000000000e+03
2.517000000000000000e+03
2.464000000000000000e+03
2.439000000000000000e+03
2.408000000000000000e+03
2.363000000000000000e+03
2.373000000000000000e+03
2.376000000000000000e+03
2.340000000000000000e+03
2.364000000000000000e+03
2.354000000000000000e+03
2.322000000000000000e+03
2.324000000000000000e+03
2.323000000000000000e+03
2.334000000000000000e+03
2.328000000000000000e+03
