3.137000000000000000e+03
3.119000000000000000e+03
3.164000000000000000e+03
3.205000000000000000e+03
3.254000000000000000e+03
3.287000000000000000e+03
3.257000000000000000e+03
3.269000000000000000e+03
3.241000000000000000e+03
3.224000000000000000e+03
3.230000000000000000e+03
3.249000000000000000e+03
3.225000000000000000e+03
3.234000000000000000e+03
3.247000000000000000e+03
3.240000000000000000e+03
3.230000000000000000e+03
3.193000000000000000e+03
3.161000000000000000e+03
3.181000000000000000e+03
3.202000000000000000e+03
3.093000000000000000e+03
3.041000000000000000e+03
2.974000000000000000e+03
2.896000000000000000e+03
2.827000000000000000e+03
2.747000000000000000e+03
2.722000000000000000e+03
2.698000000000000000e+03
2.656000000000000000e+03
2.546000000000000000e+03
2.489000000000000000e+03
