2.696000000000000000e+03
2.692000000000000000e+03
2.659000000000000000e+03
2.671000000000000000e+03
2.669000000000000000e+03
2.633000000000000000e+03
2.620000000000000000e+03
2.605000000000000000e+03
2.586000000000000000e+03
2.581000000000000000e+03
2.568000000000000000e+03
2.523000000000000000e+03
2.497000000000000000e+03
2.488000000000000000e+03
2.492000000000000000e+03
2.480000000000000000e+03
2.488000000000000000e+03
2.486000000000000000e+03
2.467000000000000000e+03
2.429000000000000000e+03
2.422000000000000000e+03
2.290000000000000000e+03
2.277000000000000000e+03
2.232000000000000000e+03
2.168000000000000000e+03
2.135000000000000000e+03
2.085000000000000000e+03
2.034000000000000000e+03
1.996000000000000000e+03
1.981000000000000000e+03
1.882000000000000000e+03
1.862000000000000000e+03
