2.376000000000000000e+03
2.399000000000000000e+03
2.412000000000000000e+03
2.440000000000000000e+03
2.459000000000000000e+03
2.499000000000000000e+03
2.534000000000000000e+03
2.582000000000000000e+03
2.591000000000000000e+03
2.622000000000000000e+03
2.634000000000000000e+03
2.668000000000000000e+03
2.696000000000000000e+03
2.733000000000000000e+03
2.771000000000000000e+03
2.788000000000000000e+03
2.841000000000000000e+03
2.882000000000000000e+03
2.918000000000000000e+03
2.977000000000000000e+03
3.024000000000000000e+03
3.090000000000000000e+03
3.132000000000000000e+03
3.198000000000000000e+03
3.213000000000000000e+03
3.218000000000000000e+03
3.233000000000000000e+03
3.291000000000000000e+03
3.309000000000000000e+03
3.321000000000000000e+03
3.334000000000000000e+03
3.381000000000000000e+03
