2.360000000000000000e+02
2.440000000000000000e+02
2.580000000000000000e+02
2.550000000000000000e+02
2.570000000000000000e+02
2.460000000000000000e+02
2.360000000000000000e+02
2.200000000000000000e+02
2.010000000000000000e+02
1.730000000000000000e+02
1.660000000000000000e+02
1.460000000000000000e+02
1.330000000000000000e+02
1.340000000000000000e+02
1.470000000000000000e+02
1.630000000000000000e+02
1.850000000000000000e+02
2.040000000000000000e+02
2.340000000000000000e+02
2.560000000000000000e+02
2.760000000000000000e+02
3.010000000000000000e+02
3.120000000000000000e+02
3.190000000000000000e+02
3.370000000000000000e+02
3.560000000000000000e+02
3.660000000000000000e+02
3.610000000000000000e+02
3.690000000000000000e+02
3.820000000000000000e+02
3.770000000000000000e+02
3.770000000000000000e+02
