6.910000000000000000e+02
7.370000000000000000e+02
7.970000000000000000e+02
8.180000000000000000e+02
8.370000000000000000e+02
8.450000000000000000e+02
8.790000000000000000e+02
8.860000000000000000e+02
8.930000000000000000e+02
9.240000000000000000e+02
9.270000000000000000e+02
9.400000000000000000e+02
9.490000000000000000e+02
9.600000000000000000e+02
9.610000000000000000e+02
9.660000000000000000e+02
9.860000000000000000e+02
1.032000000000000000e+03
1.018000000000000000e+03
1.032000000000000000e+03
1.073000000000000000e+03
1.097000000000000000e+03
1.089000000000000000e+03
1.107000000000000000e+03
1.129000000000000000e+03
1.134000000000000000e+03
1.130000000000000000e+03
1.138000000000000000e+03
1.163000000000000000e+03
1.142000000000000000e+03
1.135000000000000000e+03
1.124000000000000000e+03
