1.484360000000000000e+05
1.484210000000000000e+05
1.487570000000000000e+05
1.503530000000000000e+05
1.512320000000000000e+05
1.518490000000000000e+05
1.517700000000000000e+05
1.514300000000000000e+05
1.509380000000000000e+05
1.503700000000000000e+05
1.492330000000000000e+05
1.482750000000000000e+05
1.464810000000000000e+05
1.443960000000000000e+05
1.424130000000000000e+05
1.413560000000000000e+05
1.391640000000000000e+05
1.376990000000000000e+05
1.357120000000000000e+05
1.356580000000000000e+05
1.356380000000000000e+05
1.338380000000000000e+05
1.339010000000000000e+05
1.334090000000000000e+05
1.321190000000000000e+05
1.291550000000000000e+05
1.273040000000000000e+05
1.256920000000000000e+05
1.232230000000000000e+05
1.201440000000000000e+05
1.174700000000000000e+05
1.142450000000000000e+05
