1.547100000000000000e+04
1.552200000000000000e+04
1.557600000000000000e+04
1.559500000000000000e+04
1.563600000000000000e+04
1.565400000000000000e+04
1.570300000000000000e+04
1.571500000000000000e+04
1.581200000000000000e+04
1.590000000000000000e+04
1.595800000000000000e+04
1.612100000000000000e+04
1.616000000000000000e+04
1.617600000000000000e+04
1.617600000000000000e+04
1.623500000000000000e+04
1.628500000000000000e+04
1.638900000000000000e+04
1.638000000000000000e+04
1.656200000000000000e+04
1.673100000000000000e+04
1.646000000000000000e+04
1.639200000000000000e+04
1.641100000000000000e+04
1.633900000000000000e+04
1.626000000000000000e+04
1.624800000000000000e+04
1.626100000000000000e+04
1.619900000000000000e+04
1.616200000000000000e+04
1.610800000000000000e+04
1.612600000000000000e+04
