1.220000000000000000e+02
1.260000000000000000e+02
1.370000000000000000e+02
1.410000000000000000e+02
1.480000000000000000e+02
1.420000000000000000e+02
1.400000000000000000e+02
1.370000000000000000e+02
1.320000000000000000e+02
1.280000000000000000e+02
1.210000000000000000e+02
1.030000000000000000e+02
1.020000000000000000e+02
1.070000000000000000e+02
1.120000000000000000e+02
1.230000000000000000e+02
1.370000000000000000e+02
1.440000000000000000e+02
1.550000000000000000e+02
1.680000000000000000e+02
1.860000000000000000e+02
1.760000000000000000e+02
1.980000000000000000e+02
1.980000000000000000e+02
2.070000000000000000e+02
2.050000000000000000e+02
1.960000000000000000e+02
1.840000000000000000e+02
1.860000000000000000e+02
1.890000000000000000e+02
1.920000000000000000e+02
2.050000000000000000e+02
