6.690000000000000000e+02
6.730000000000000000e+02
6.680000000000000000e+02
6.740000000000000000e+02
6.880000000000000000e+02
7.050000000000000000e+02
7.030000000000000000e+02
7.220000000000000000e+02
7.320000000000000000e+02
7.630000000000000000e+02
7.760000000000000000e+02
7.800000000000000000e+02
7.820000000000000000e+02
8.020000000000000000e+02
7.950000000000000000e+02
7.970000000000000000e+02
8.050000000000000000e+02
8.280000000000000000e+02
8.210000000000000000e+02
8.240000000000000000e+02
8.220000000000000000e+02
8.220000000000000000e+02
8.200000000000000000e+02
8.200000000000000000e+02
8.540000000000000000e+02
8.480000000000000000e+02
8.740000000000000000e+02
8.670000000000000000e+02
8.710000000000000000e+02
8.910000000000000000e+02
8.910000000000000000e+02
9.160000000000000000e+02
