7.469200000000000000e+04
7.544900000000000000e+04
7.636700000000000000e+04
7.736400000000000000e+04
7.839300000000000000e+04
7.967800000000000000e+04
8.115400000000000000e+04
8.244600000000000000e+04
8.316300000000000000e+04
8.409500000000000000e+04
8.464800000000000000e+04
8.519400000000000000e+04
8.529200000000000000e+04
8.571600000000000000e+04
8.600000000000000000e+04
8.587200000000000000e+04
8.525800000000000000e+04
8.536300000000000000e+04
8.583300000000000000e+04
8.584800000000000000e+04
8.538200000000000000e+04
8.517600000000000000e+04
8.560100000000000000e+04
8.563400000000000000e+04
8.636800000000000000e+04
8.690600000000000000e+04
8.747400000000000000e+04
8.803800000000000000e+04
8.797600000000000000e+04
8.900100000000000000e+04
8.987000000000000000e+04
9.061100000000000000e+04
