1.188000000000000000e+03
1.175000000000000000e+03
1.161000000000000000e+03
1.151000000000000000e+03
1.134000000000000000e+03
1.130000000000000000e+03
1.122000000000000000e+03
1.118000000000000000e+03
1.097000000000000000e+03
1.092000000000000000e+03
1.085000000000000000e+03
1.065000000000000000e+03
1.017000000000000000e+03
1.009000000000000000e+03
1.020000000000000000e+03
9.680000000000000000e+02
9.670000000000000000e+02
9.560000000000000000e+02
9.790000000000000000e+02
9.990000000000000000e+02
9.740000000000000000e+02
9.850000000000000000e+02
1.037000000000000000e+03
1.062000000000000000e+03
1.064000000000000000e+03
1.084000000000000000e+03
1.102000000000000000e+03
1.116000000000000000e+03
1.130000000000000000e+03
1.146000000000000000e+03
1.194000000000000000e+03
1.175000000000000000e+03
