1.499000000000000000e+03
1.559000000000000000e+03
1.572000000000000000e+03
1.627000000000000000e+03
1.640000000000000000e+03
1.645000000000000000e+03
1.662000000000000000e+03
1.686000000000000000e+03
1.670000000000000000e+03
1.683000000000000000e+03
1.740000000000000000e+03
1.731000000000000000e+03
1.747000000000000000e+03
1.737000000000000000e+03
1.732000000000000000e+03
1.753000000000000000e+03
1.739000000000000000e+03
1.772000000000000000e+03
1.815000000000000000e+03
1.824000000000000000e+03
1.801000000000000000e+03
1.825000000000000000e+03
1.830000000000000000e+03
1.821000000000000000e+03
1.801000000000000000e+03
1.816000000000000000e+03
1.821000000000000000e+03
1.816000000000000000e+03
1.827000000000000000e+03
1.847000000000000000e+03
1.865000000000000000e+03
1.872000000000000000e+03
