1.196000000000000000e+03
1.187000000000000000e+03
1.171000000000000000e+03
1.209000000000000000e+03
1.246000000000000000e+03
1.325000000000000000e+03
1.351000000000000000e+03
1.396000000000000000e+03
1.410000000000000000e+03
1.456000000000000000e+03
1.496000000000000000e+03
1.531000000000000000e+03
1.582000000000000000e+03
1.578000000000000000e+03
1.602000000000000000e+03
1.618000000000000000e+03
1.682000000000000000e+03
1.681000000000000000e+03
1.749000000000000000e+03
1.742000000000000000e+03
1.761000000000000000e+03
1.741000000000000000e+03
1.746000000000000000e+03
1.778000000000000000e+03
1.768000000000000000e+03
1.781000000000000000e+03
1.740000000000000000e+03
1.783000000000000000e+03
1.730000000000000000e+03
1.700000000000000000e+03
1.701000000000000000e+03
1.723000000000000000e+03
