1.691000000000000000e+03
1.668000000000000000e+03
1.636000000000000000e+03
1.613000000000000000e+03
1.587000000000000000e+03
1.573000000000000000e+03
1.583000000000000000e+03
1.577000000000000000e+03
1.561000000000000000e+03
1.541000000000000000e+03
1.588000000000000000e+03
1.612000000000000000e+03
1.614000000000000000e+03
1.609000000000000000e+03
1.624000000000000000e+03
1.591000000000000000e+03
1.555000000000000000e+03
1.536000000000000000e+03
1.491000000000000000e+03
1.421000000000000000e+03
1.366000000000000000e+03
1.270000000000000000e+03
1.213000000000000000e+03
1.213000000000000000e+03
1.184000000000000000e+03
1.207000000000000000e+03
1.173000000000000000e+03
1.174000000000000000e+03
1.136000000000000000e+03
1.160000000000000000e+03
1.135000000000000000e+03
1.168000000000000000e+03
