2.481000000000000000e+03
2.529000000000000000e+03
2.577000000000000000e+03
2.559000000000000000e+03
2.643000000000000000e+03
2.655000000000000000e+03
2.691000000000000000e+03
2.723000000000000000e+03
2.766000000000000000e+03
2.703000000000000000e+03
2.696000000000000000e+03
2.702000000000000000e+03
2.662000000000000000e+03
2.714000000000000000e+03
2.677000000000000000e+03
2.680000000000000000e+03
2.660000000000000000e+03
2.666000000000000000e+03
2.672000000000000000e+03
2.717000000000000000e+03
2.703000000000000000e+03
2.695000000000000000e+03
2.704000000000000000e+03
2.691000000000000000e+03
2.710000000000000000e+03
2.684000000000000000e+03
2.716000000000000000e+03
2.730000000000000000e+03
2.727000000000000000e+03
2.742000000000000000e+03
2.820000000000000000e+03
2.797000000000000000e+03
