2.624260000000000000e+05
2.655870000000000000e+05
2.685870000000000000e+05
2.721470000000000000e+05
2.754000000000000000e+05
2.782300000000000000e+05
2.814060000000000000e+05
2.848800000000000000e+05
2.885480000000000000e+05
2.920340000000000000e+05
2.946540000000000000e+05
2.971430000000000000e+05
3.001550000000000000e+05
3.029960000000000000e+05
3.064840000000000000e+05
3.095370000000000000e+05
3.128740000000000000e+05
3.163380000000000000e+05
3.196310000000000000e+05
3.235620000000000000e+05
3.268470000000000000e+05
3.302750000000000000e+05
3.340290000000000000e+05
3.368600000000000000e+05
3.382650000000000000e+05
3.392070000000000000e+05
3.389440000000000000e+05
3.411920000000000000e+05
3.450000000000000000e+05
3.486800000000000000e+05
3.521450000000000000e+05
3.558590000000000000e+05
