4.800000000000000000e+01
5.000000000000000000e+01
5.200000000000000000e+01
5.400000000000000000e+01
6.900000000000000000e+01
6.000000000000000000e+01
6.700000000000000000e+01
7.600000000000000000e+01
7.500000000000000000e+01
8.000000000000000000e+01
8.600000000000000000e+01
1.040000000000000000e+02
1.060000000000000000e+02
1.080000000000000000e+02
1.120000000000000000e+02
1.170000000000000000e+02
1.170000000000000000e+02
1.230000000000000000e+02
1.390000000000000000e+02
1.490000000000000000e+02
1.600000000000000000e+02
1.610000000000000000e+02
1.700000000000000000e+02
1.790000000000000000e+02
1.960000000000000000e+02
2.090000000000000000e+02
2.220000000000000000e+02
2.270000000000000000e+02
2.330000000000000000e+02
2.270000000000000000e+02
2.240000000000000000e+02
2.260000000000000000e+02
