2.155200000000000000e+04
2.137100000000000000e+04
2.137300000000000000e+04
2.159300000000000000e+04
2.163600000000000000e+04
2.169500000000000000e+04
2.170500000000000000e+04
2.171400000000000000e+04
2.177100000000000000e+04
2.185800000000000000e+04
2.192900000000000000e+04
2.200000000000000000e+04
2.202100000000000000e+04
2.202900000000000000e+04
2.213100000000000000e+04
2.223800000000000000e+04
2.227300000000000000e+04
2.241600000000000000e+04
2.248500000000000000e+04
2.250900000000000000e+04
2.259800000000000000e+04
2.221200000000000000e+04
2.216700000000000000e+04
2.227300000000000000e+04
2.226600000000000000e+04
2.220300000000000000e+04
2.213300000000000000e+04
2.217000000000000000e+04
2.214100000000000000e+04
2.207700000000000000e+04
2.200900000000000000e+04
2.197900000000000000e+04
