1.583000000000000000e+03
1.530000000000000000e+03
1.499000000000000000e+03
1.511000000000000000e+03
1.475000000000000000e+03
1.469000000000000000e+03
1.455000000000000000e+03
1.446000000000000000e+03
1.434000000000000000e+03
1.426000000000000000e+03
1.407000000000000000e+03
1.410000000000000000e+03
1.399000000000000000e+03
1.410000000000000000e+03
1.393000000000000000e+03
1.364000000000000000e+03
1.381000000000000000e+03
1.376000000000000000e+03
1.375000000000000000e+03
1.378000000000000000e+03
1.422000000000000000e+03
1.474000000000000000e+03
1.542000000000000000e+03
1.520000000000000000e+03
1.536000000000000000e+03
1.532000000000000000e+03
1.535000000000000000e+03
1.522000000000000000e+03
1.521000000000000000e+03
1.534000000000000000e+03
1.510000000000000000e+03
1.531000000000000000e+03
