3.167700000000000000e+04
3.142900000000000000e+04
3.141900000000000000e+04
3.162400000000000000e+04
3.160500000000000000e+04
3.165800000000000000e+04
3.163600000000000000e+04
3.163900000000000000e+04
3.164700000000000000e+04
3.171000000000000000e+04
3.170500000000000000e+04
3.175600000000000000e+04
3.175500000000000000e+04
3.177400000000000000e+04
3.181000000000000000e+04
3.186600000000000000e+04
3.189300000000000000e+04
3.202300000000000000e+04
3.206700000000000000e+04
3.211600000000000000e+04
3.231100000000000000e+04
3.203300000000000000e+04
3.212300000000000000e+04
3.224400000000000000e+04
3.230400000000000000e+04
3.230500000000000000e+04
3.230400000000000000e+04
3.237500000000000000e+04
3.235900000000000000e+04
3.237900000000000000e+04
3.237300000000000000e+04
3.236600000000000000e+04
