1.293000000000000000e+03
1.292000000000000000e+03
1.280000000000000000e+03
1.255000000000000000e+03
1.245000000000000000e+03
1.224000000000000000e+03
1.201000000000000000e+03
1.193000000000000000e+03
1.188000000000000000e+03
1.190000000000000000e+03
1.157000000000000000e+03
1.086000000000000000e+03
1.049000000000000000e+03
1.036000000000000000e+03
9.930000000000000000e+02
9.560000000000000000e+02
9.390000000000000000e+02
9.250000000000000000e+02
8.970000000000000000e+02
8.570000000000000000e+02
8.480000000000000000e+02
8.420000000000000000e+02
8.420000000000000000e+02
8.410000000000000000e+02
8.400000000000000000e+02
8.520000000000000000e+02
8.610000000000000000e+02
8.270000000000000000e+02
8.320000000000000000e+02
8.330000000000000000e+02
8.210000000000000000e+02
8.330000000000000000e+02
