8.400000000000000000e+02
8.370000000000000000e+02
8.400000000000000000e+02
8.340000000000000000e+02
8.340000000000000000e+02
8.420000000000000000e+02
8.600000000000000000e+02
8.320000000000000000e+02
8.410000000000000000e+02
8.370000000000000000e+02
8.250000000000000000e+02
8.370000000000000000e+02
8.360000000000000000e+02
8.150000000000000000e+02
8.060000000000000000e+02
7.700000000000000000e+02
7.560000000000000000e+02
7.630000000000000000e+02
7.420000000000000000e+02
7.250000000000000000e+02
7.450000000000000000e+02
7.430000000000000000e+02
7.580000000000000000e+02
7.720000000000000000e+02
8.080000000000000000e+02
8.340000000000000000e+02
8.470000000000000000e+02
8.600000000000000000e+02
9.000000000000000000e+02
9.310000000000000000e+02
9.350000000000000000e+02
9.120000000000000000e+02
