7.080000000000000000e+02
7.730000000000000000e+02
8.390000000000000000e+02
8.760000000000000000e+02
8.680000000000000000e+02
8.430000000000000000e+02
8.340000000000000000e+02
8.280000000000000000e+02
8.380000000000000000e+02
8.340000000000000000e+02
8.210000000000000000e+02
8.080000000000000000e+02
7.910000000000000000e+02
8.100000000000000000e+02
8.290000000000000000e+02
8.270000000000000000e+02
8.420000000000000000e+02
8.490000000000000000e+02
8.570000000000000000e+02
8.440000000000000000e+02
8.440000000000000000e+02
8.510000000000000000e+02
8.540000000000000000e+02
8.480000000000000000e+02
8.480000000000000000e+02
8.480000000000000000e+02
8.250000000000000000e+02
8.080000000000000000e+02
7.990000000000000000e+02
8.200000000000000000e+02
7.930000000000000000e+02
8.120000000000000000e+02
