1.336900000000000000e+04
1.336400000000000000e+04
1.337900000000000000e+04
1.348400000000000000e+04
1.360900000000000000e+04
1.363000000000000000e+04
1.366400000000000000e+04
1.369100000000000000e+04
1.363800000000000000e+04
1.351300000000000000e+04
1.348000000000000000e+04
1.349500000000000000e+04
1.351500000000000000e+04
1.345600000000000000e+04
1.345100000000000000e+04
1.347500000000000000e+04
1.343300000000000000e+04
1.342700000000000000e+04
1.338100000000000000e+04
1.339200000000000000e+04
1.335700000000000000e+04
1.288900000000000000e+04
1.279100000000000000e+04
1.281400000000000000e+04
1.279600000000000000e+04
1.283400000000000000e+04
1.281200000000000000e+04
1.275900000000000000e+04
1.265900000000000000e+04
1.266400000000000000e+04
1.253900000000000000e+04
1.249700000000000000e+04
