9.420000000000000000e+02
9.830000000000000000e+02
1.029000000000000000e+03
1.113000000000000000e+03
1.150000000000000000e+03
1.242000000000000000e+03
1.362000000000000000e+03
1.420000000000000000e+03
1.415000000000000000e+03
1.459000000000000000e+03
1.484000000000000000e+03
1.493000000000000000e+03
1.501000000000000000e+03
1.520000000000000000e+03
1.532000000000000000e+03
1.563000000000000000e+03
1.545000000000000000e+03
1.545000000000000000e+03
1.545000000000000000e+03
1.529000000000000000e+03
1.514000000000000000e+03
1.523000000000000000e+03
1.533000000000000000e+03
1.522000000000000000e+03
1.558000000000000000e+03
1.523000000000000000e+03
1.533000000000000000e+03
1.517000000000000000e+03
1.517000000000000000e+03
1.507000000000000000e+03
1.509000000000000000e+03
1.493000000000000000e+03
