1.029000000000000000e+03
1.010000000000000000e+03
9.800000000000000000e+02
9.930000000000000000e+02
1.010000000000000000e+03
1.014000000000000000e+03
1.023000000000000000e+03
1.029000000000000000e+03
1.031000000000000000e+03
1.010000000000000000e+03
1.012000000000000000e+03
1.005000000000000000e+03
1.025000000000000000e+03
1.018000000000000000e+03
1.014000000000000000e+03
9.990000000000000000e+02
9.790000000000000000e+02
9.370000000000000000e+02
9.230000000000000000e+02
9.360000000000000000e+02
9.220000000000000000e+02
9.420000000000000000e+02
9.310000000000000000e+02
9.380000000000000000e+02
9.330000000000000000e+02
9.470000000000000000e+02
9.610000000000000000e+02
9.940000000000000000e+02
9.960000000000000000e+02
1.007000000000000000e+03
1.018000000000000000e+03
9.980000000000000000e+02
