1.118000000000000000e+03
1.095000000000000000e+03
1.116000000000000000e+03
1.090000000000000000e+03
1.110000000000000000e+03
1.132000000000000000e+03
1.135000000000000000e+03
1.192000000000000000e+03
1.221000000000000000e+03
1.235000000000000000e+03
1.255000000000000000e+03
1.275000000000000000e+03
1.299000000000000000e+03
1.341000000000000000e+03
1.333000000000000000e+03
1.353000000000000000e+03
1.396000000000000000e+03
1.377000000000000000e+03
1.377000000000000000e+03
1.358000000000000000e+03
1.345000000000000000e+03
1.320000000000000000e+03
1.321000000000000000e+03
1.291000000000000000e+03
1.269000000000000000e+03
1.226000000000000000e+03
1.162000000000000000e+03
1.147000000000000000e+03
1.137000000000000000e+03
1.141000000000000000e+03
1.125000000000000000e+03
1.120000000000000000e+03
