7.620000000000000000e+02
7.540000000000000000e+02
7.290000000000000000e+02
7.250000000000000000e+02
7.160000000000000000e+02
7.110000000000000000e+02
6.880000000000000000e+02
6.760000000000000000e+02
6.620000000000000000e+02
6.570000000000000000e+02
6.300000000000000000e+02
6.200000000000000000e+02
6.210000000000000000e+02
6.230000000000000000e+02
6.200000000000000000e+02
6.070000000000000000e+02
6.080000000000000000e+02
6.130000000000000000e+02
6.410000000000000000e+02
6.330000000000000000e+02
6.560000000000000000e+02
6.650000000000000000e+02
6.850000000000000000e+02
7.080000000000000000e+02
7.360000000000000000e+02
7.630000000000000000e+02
7.510000000000000000e+02
7.650000000000000000e+02
7.690000000000000000e+02
7.500000000000000000e+02
7.540000000000000000e+02
7.470000000000000000e+02
