2.700000000000000000e+01
3.300000000000000000e+01
3.400000000000000000e+01
3.400000000000000000e+01
3.400000000000000000e+01
3.700000000000000000e+01
3.800000000000000000e+01
4.300000000000000000e+01
4.400000000000000000e+01
4.500000000000000000e+01
5.200000000000000000e+01
5.700000000000000000e+01
6.100000000000000000e+01
6.400000000000000000e+01
5.400000000000000000e+01
4.900000000000000000e+01
4.900000000000000000e+01
4.100000000000000000e+01
3.900000000000000000e+01
3.800000000000000000e+01
3.500000000000000000e+01
3.300000000000000000e+01
3.800000000000000000e+01
3.600000000000000000e+01
4.100000000000000000e+01
4.700000000000000000e+01
4.700000000000000000e+01
4.800000000000000000e+01
5.300000000000000000e+01
6.600000000000000000e+01
7.700000000000000000e+01
7.900000000000000000e+01
