1.873400000000000000e+04
1.869700000000000000e+04
1.854700000000000000e+04
1.862200000000000000e+04
1.862200000000000000e+04
1.858100000000000000e+04
1.850300000000000000e+04
1.848400000000000000e+04
1.849800000000000000e+04
1.843600000000000000e+04
1.832100000000000000e+04
1.826900000000000000e+04
1.815700000000000000e+04
1.809600000000000000e+04
1.805200000000000000e+04
1.795000000000000000e+04
1.790700000000000000e+04
1.786900000000000000e+04
1.780600000000000000e+04
1.779800000000000000e+04
1.776100000000000000e+04
1.757100000000000000e+04
1.754500000000000000e+04
1.752500000000000000e+04
1.748000000000000000e+04
1.737600000000000000e+04
1.719400000000000000e+04
1.713400000000000000e+04
1.701800000000000000e+04
1.693800000000000000e+04
1.688800000000000000e+04
1.681400000000000000e+04
