1.253000000000000000e+03
1.268000000000000000e+03
1.285000000000000000e+03
1.328000000000000000e+03
1.340000000000000000e+03
1.366000000000000000e+03
1.406000000000000000e+03
1.391000000000000000e+03
1.392000000000000000e+03
1.378000000000000000e+03
1.366000000000000000e+03
1.357000000000000000e+03
1.345000000000000000e+03
1.323000000000000000e+03
1.310000000000000000e+03
1.282000000000000000e+03
1.237000000000000000e+03
1.219000000000000000e+03
1.192000000000000000e+03
1.210000000000000000e+03
1.208000000000000000e+03
1.158000000000000000e+03
1.121000000000000000e+03
1.101000000000000000e+03
1.074000000000000000e+03
1.058000000000000000e+03
1.017000000000000000e+03
9.980000000000000000e+02
9.590000000000000000e+02
8.990000000000000000e+02
8.510000000000000000e+02
8.110000000000000000e+02
