1.500000000000000000e+02
1.480000000000000000e+02
1.550000000000000000e+02
1.590000000000000000e+02
1.580000000000000000e+02
1.520000000000000000e+02
1.470000000000000000e+02
1.350000000000000000e+02
1.290000000000000000e+02
1.230000000000000000e+02
1.120000000000000000e+02
1.000000000000000000e+02
9.700000000000000000e+01
8.300000000000000000e+01
9.300000000000000000e+01
1.010000000000000000e+02
1.170000000000000000e+02
1.360000000000000000e+02
1.400000000000000000e+02
1.680000000000000000e+02
1.920000000000000000e+02
2.050000000000000000e+02
2.300000000000000000e+02
2.430000000000000000e+02
2.460000000000000000e+02
2.480000000000000000e+02
2.530000000000000000e+02
2.760000000000000000e+02
2.900000000000000000e+02
2.750000000000000000e+02
2.720000000000000000e+02
2.740000000000000000e+02
