9.800000000000000000e+02
9.590000000000000000e+02
9.690000000000000000e+02
9.570000000000000000e+02
9.550000000000000000e+02
9.590000000000000000e+02
9.430000000000000000e+02
8.930000000000000000e+02
8.750000000000000000e+02
8.720000000000000000e+02
8.840000000000000000e+02
8.720000000000000000e+02
8.530000000000000000e+02
8.380000000000000000e+02
8.030000000000000000e+02
7.860000000000000000e+02
7.680000000000000000e+02
7.850000000000000000e+02
7.720000000000000000e+02
7.660000000000000000e+02
7.650000000000000000e+02
7.690000000000000000e+02
7.750000000000000000e+02
7.850000000000000000e+02
8.320000000000000000e+02
8.900000000000000000e+02
9.140000000000000000e+02
9.270000000000000000e+02
9.460000000000000000e+02
9.980000000000000000e+02
1.029000000000000000e+03
1.088000000000000000e+03
