1.392000000000000000e+03
1.373000000000000000e+03
1.376000000000000000e+03
1.377000000000000000e+03
1.369000000000000000e+03
1.341000000000000000e+03
1.344000000000000000e+03
1.336000000000000000e+03
1.344000000000000000e+03
1.304000000000000000e+03
1.318000000000000000e+03
1.331000000000000000e+03
1.356000000000000000e+03
1.361000000000000000e+03
1.357000000000000000e+03
1.367000000000000000e+03
1.353000000000000000e+03
1.379000000000000000e+03
1.354000000000000000e+03
1.347000000000000000e+03
1.310000000000000000e+03
1.275000000000000000e+03
1.243000000000000000e+03
1.220000000000000000e+03
1.196000000000000000e+03
1.172000000000000000e+03
1.148000000000000000e+03
1.107000000000000000e+03
1.061000000000000000e+03
1.082000000000000000e+03
1.054000000000000000e+03
1.043000000000000000e+03
