1.530000000000000000e+02
1.450000000000000000e+02
1.440000000000000000e+02
1.390000000000000000e+02
1.550000000000000000e+02
1.460000000000000000e+02
1.590000000000000000e+02
1.770000000000000000e+02
1.840000000000000000e+02
2.130000000000000000e+02
2.250000000000000000e+02
2.470000000000000000e+02
2.660000000000000000e+02
2.830000000000000000e+02
2.750000000000000000e+02
2.820000000000000000e+02
2.990000000000000000e+02
3.040000000000000000e+02
3.150000000000000000e+02
3.210000000000000000e+02
3.360000000000000000e+02
3.470000000000000000e+02
3.650000000000000000e+02
3.690000000000000000e+02
3.710000000000000000e+02
3.600000000000000000e+02
3.710000000000000000e+02
3.780000000000000000e+02
3.980000000000000000e+02
4.010000000000000000e+02
3.980000000000000000e+02
3.930000000000000000e+02
