8.430000000000000000e+02
8.560000000000000000e+02
8.550000000000000000e+02
8.630000000000000000e+02
8.390000000000000000e+02
8.030000000000000000e+02
7.890000000000000000e+02
7.900000000000000000e+02
7.980000000000000000e+02
8.120000000000000000e+02
8.320000000000000000e+02
8.270000000000000000e+02
8.220000000000000000e+02
8.360000000000000000e+02
8.790000000000000000e+02
9.400000000000000000e+02
1.021000000000000000e+03
1.036000000000000000e+03
1.048000000000000000e+03
1.062000000000000000e+03
1.089000000000000000e+03
1.135000000000000000e+03
1.154000000000000000e+03
1.168000000000000000e+03
1.162000000000000000e+03
1.155000000000000000e+03
1.127000000000000000e+03
1.138000000000000000e+03
1.129000000000000000e+03
1.114000000000000000e+03
1.100000000000000000e+03
1.087000000000000000e+03
