1.835000000000000000e+03
1.853000000000000000e+03
1.883000000000000000e+03
1.915000000000000000e+03
1.947000000000000000e+03
1.961000000000000000e+03
1.992000000000000000e+03
2.048000000000000000e+03
2.071000000000000000e+03
2.089000000000000000e+03
2.124000000000000000e+03
2.150000000000000000e+03
2.196000000000000000e+03
2.219000000000000000e+03
2.260000000000000000e+03
2.288000000000000000e+03
2.300000000000000000e+03
2.343000000000000000e+03
2.365000000000000000e+03
2.418000000000000000e+03
2.432000000000000000e+03
2.466000000000000000e+03
2.520000000000000000e+03
2.547000000000000000e+03
2.564000000000000000e+03
2.548000000000000000e+03
2.532000000000000000e+03
2.554000000000000000e+03
2.587000000000000000e+03
2.633000000000000000e+03
2.678000000000000000e+03
2.699000000000000000e+03
