1.886000000000000000e+03
1.889000000000000000e+03
1.890000000000000000e+03
1.906000000000000000e+03
1.883000000000000000e+03
1.888000000000000000e+03
1.896000000000000000e+03
1.877000000000000000e+03
1.864000000000000000e+03
1.919000000000000000e+03
1.958000000000000000e+03
2.064000000000000000e+03
2.087000000000000000e+03
2.137000000000000000e+03
2.130000000000000000e+03
2.122000000000000000e+03
2.077000000000000000e+03
2.092000000000000000e+03
2.114000000000000000e+03
2.145000000000000000e+03
2.193000000000000000e+03
2.209000000000000000e+03
2.196000000000000000e+03
2.235000000000000000e+03
2.328000000000000000e+03
2.455000000000000000e+03
2.593000000000000000e+03
2.702000000000000000e+03
2.777000000000000000e+03
2.825000000000000000e+03
2.931000000000000000e+03
3.027000000000000000e+03
