3.410000000000000000e+03
3.363000000000000000e+03
3.286000000000000000e+03
3.205000000000000000e+03
3.100000000000000000e+03
3.005000000000000000e+03
2.927000000000000000e+03
2.885000000000000000e+03
2.797000000000000000e+03
2.655000000000000000e+03
2.533000000000000000e+03
2.515000000000000000e+03
2.425000000000000000e+03
2.351000000000000000e+03
2.277000000000000000e+03
2.244000000000000000e+03
2.198000000000000000e+03
2.143000000000000000e+03
2.130000000000000000e+03
2.105000000000000000e+03
2.093000000000000000e+03
2.080000000000000000e+03
2.072000000000000000e+03
2.080000000000000000e+03
2.084000000000000000e+03
2.065000000000000000e+03
2.013000000000000000e+03
2.017000000000000000e+03
1.994000000000000000e+03
1.985000000000000000e+03
2.016000000000000000e+03
1.986000000000000000e+03
