2.598000000000000000e+03
2.463000000000000000e+03
2.374000000000000000e+03
2.317000000000000000e+03
2.227000000000000000e+03
2.210000000000000000e+03
2.142000000000000000e+03
2.083000000000000000e+03
2.078000000000000000e+03
2.049000000000000000e+03
2.023000000000000000e+03
2.122000000000000000e+03
2.106000000000000000e+03
2.092000000000000000e+03
2.110000000000000000e+03
2.093000000000000000e+03
2.056000000000000000e+03
2.050000000000000000e+03
2.036000000000000000e+03
2.004000000000000000e+03
2.037000000000000000e+03
1.996000000000000000e+03
2.016000000000000000e+03
2.025000000000000000e+03
2.027000000000000000e+03
2.020000000000000000e+03
2.053000000000000000e+03
2.040000000000000000e+03
2.060000000000000000e+03
2.066000000000000000e+03
2.074000000000000000e+03
2.104000000000000000e+03
