3.459000000000000000e+03
3.511000000000000000e+03
3.529000000000000000e+03
3.577000000000000000e+03
3.627000000000000000e+03
3.660000000000000000e+03
3.659000000000000000e+03
3.672000000000000000e+03
3.706000000000000000e+03
3.722000000000000000e+03
3.656000000000000000e+03
3.736000000000000000e+03
3.731000000000000000e+03
3.769000000000000000e+03
3.719000000000000000e+03
3.728000000000000000e+03
3.633000000000000000e+03
3.626000000000000000e+03
3.534000000000000000e+03
3.630000000000000000e+03
3.679000000000000000e+03
3.274000000000000000e+03
3.151000000000000000e+03
3.079000000000000000e+03
2.980000000000000000e+03
2.871000000000000000e+03
2.743000000000000000e+03
2.698000000000000000e+03
2.615000000000000000e+03
2.504000000000000000e+03
2.293000000000000000e+03
2.207000000000000000e+03
