4.071000000000000000e+03
4.046000000000000000e+03
3.976000000000000000e+03
3.984000000000000000e+03
3.987000000000000000e+03
3.878000000000000000e+03
3.826000000000000000e+03
3.714000000000000000e+03
3.724000000000000000e+03
3.644000000000000000e+03
3.578000000000000000e+03
3.613000000000000000e+03
3.529000000000000000e+03
3.377000000000000000e+03
3.299000000000000000e+03
3.239000000000000000e+03
3.207000000000000000e+03
3.113000000000000000e+03
3.031000000000000000e+03
2.977000000000000000e+03
2.998000000000000000e+03
2.886000000000000000e+03
2.946000000000000000e+03
3.027000000000000000e+03
3.066000000000000000e+03
3.087000000000000000e+03
3.101000000000000000e+03
3.145000000000000000e+03
3.182000000000000000e+03
3.210000000000000000e+03
3.287000000000000000e+03
3.340000000000000000e+03
