3.406000000000000000e+03
3.507000000000000000e+03
3.592000000000000000e+03
3.726000000000000000e+03
3.838000000000000000e+03
3.958000000000000000e+03
3.981000000000000000e+03
4.023000000000000000e+03
4.134000000000000000e+03
4.216000000000000000e+03
4.167000000000000000e+03
4.287000000000000000e+03
4.270000000000000000e+03
4.296000000000000000e+03
4.226000000000000000e+03
4.207000000000000000e+03
4.215000000000000000e+03
4.232000000000000000e+03
4.170000000000000000e+03
4.178000000000000000e+03
4.136000000000000000e+03
4.070000000000000000e+03
4.032000000000000000e+03
4.016000000000000000e+03
3.996000000000000000e+03
3.885000000000000000e+03
3.818000000000000000e+03
3.756000000000000000e+03
3.748000000000000000e+03
3.681000000000000000e+03
3.651000000000000000e+03
3.588000000000000000e+03
