1.603000000000000000e+03
1.593000000000000000e+03
1.618000000000000000e+03
1.642000000000000000e+03
1.659000000000000000e+03
1.638000000000000000e+03
1.646000000000000000e+03
1.639000000000000000e+03
1.649000000000000000e+03
1.644000000000000000e+03
1.589000000000000000e+03
1.621000000000000000e+03
1.620000000000000000e+03
1.549000000000000000e+03
1.515000000000000000e+03
1.507000000000000000e+03
1.504000000000000000e+03
1.472000000000000000e+03
1.466000000000000000e+03
1.469000000000000000e+03
1.483000000000000000e+03
1.466000000000000000e+03
1.477000000000000000e+03
1.478000000000000000e+03
1.470000000000000000e+03
1.464000000000000000e+03
1.464000000000000000e+03
1.478000000000000000e+03
1.431000000000000000e+03
1.396000000000000000e+03
1.345000000000000000e+03
1.348000000000000000e+03
