1.480000000000000000e+02
1.560000000000000000e+02
1.580000000000000000e+02
1.660000000000000000e+02
1.540000000000000000e+02
1.540000000000000000e+02
1.490000000000000000e+02
1.480000000000000000e+02
1.450000000000000000e+02
1.280000000000000000e+02
1.210000000000000000e+02
1.160000000000000000e+02
1.190000000000000000e+02
1.100000000000000000e+02
1.130000000000000000e+02
1.120000000000000000e+02
1.230000000000000000e+02
1.290000000000000000e+02
1.400000000000000000e+02
1.500000000000000000e+02
1.670000000000000000e+02
1.920000000000000000e+02
1.920000000000000000e+02
2.050000000000000000e+02
2.080000000000000000e+02
2.260000000000000000e+02
2.310000000000000000e+02
2.450000000000000000e+02
2.700000000000000000e+02
2.820000000000000000e+02
2.960000000000000000e+02
2.880000000000000000e+02
