1.168500000000000000e+04
1.169400000000000000e+04
1.166900000000000000e+04
1.168700000000000000e+04
1.169000000000000000e+04
1.172600000000000000e+04
1.173600000000000000e+04
1.179400000000000000e+04
1.181700000000000000e+04
1.186100000000000000e+04
1.188700000000000000e+04
1.191400000000000000e+04
1.193100000000000000e+04
1.190500000000000000e+04
1.192300000000000000e+04
1.192300000000000000e+04
1.190200000000000000e+04
1.192800000000000000e+04
1.194800000000000000e+04
1.192700000000000000e+04
1.192800000000000000e+04
1.185400000000000000e+04
1.177300000000000000e+04
1.175700000000000000e+04
1.171000000000000000e+04
1.171900000000000000e+04
1.170100000000000000e+04
1.167800000000000000e+04
1.161200000000000000e+04
1.157100000000000000e+04
1.147100000000000000e+04
1.145600000000000000e+04
