2.856000000000000000e+03
2.945000000000000000e+03
2.999000000000000000e+03
3.015000000000000000e+03
3.080000000000000000e+03
3.177000000000000000e+03
3.117000000000000000e+03
3.239000000000000000e+03
3.214000000000000000e+03
3.339000000000000000e+03
3.289000000000000000e+03
3.216000000000000000e+03
3.231000000000000000e+03
3.326000000000000000e+03
3.279000000000000000e+03
3.268000000000000000e+03
3.187000000000000000e+03
3.206000000000000000e+03
3.170000000000000000e+03
3.219000000000000000e+03
3.230000000000000000e+03
3.223000000000000000e+03
3.188000000000000000e+03
3.168000000000000000e+03
3.174000000000000000e+03
3.179000000000000000e+03
3.237000000000000000e+03
3.264000000000000000e+03
3.269000000000000000e+03
3.217000000000000000e+03
3.190000000000000000e+03
3.154000000000000000e+03
