4.923000000000000000e+03
5.011000000000000000e+03
5.052000000000000000e+03
5.126000000000000000e+03
5.201000000000000000e+03
5.294000000000000000e+03
5.385000000000000000e+03
5.481000000000000000e+03
5.584000000000000000e+03
5.686000000000000000e+03
5.720000000000000000e+03
5.621000000000000000e+03
5.656000000000000000e+03
5.742000000000000000e+03
5.806000000000000000e+03
5.890000000000000000e+03
5.957000000000000000e+03
6.034000000000000000e+03
6.088000000000000000e+03
6.187000000000000000e+03
6.257000000000000000e+03
6.440000000000000000e+03
6.577000000000000000e+03
6.658000000000000000e+03
6.773000000000000000e+03
6.844000000000000000e+03
6.906000000000000000e+03
6.999000000000000000e+03
7.045000000000000000e+03
7.148000000000000000e+03
7.224000000000000000e+03
7.281000000000000000e+03
