2.019000000000000000e+03
1.977000000000000000e+03
1.947000000000000000e+03
1.920000000000000000e+03
1.893000000000000000e+03
1.873000000000000000e+03
1.894000000000000000e+03
1.856000000000000000e+03
1.864000000000000000e+03
1.839000000000000000e+03
1.870000000000000000e+03
1.778000000000000000e+03
1.779000000000000000e+03
1.768000000000000000e+03
1.756000000000000000e+03
1.765000000000000000e+03
1.772000000000000000e+03
1.780000000000000000e+03
1.801000000000000000e+03
1.831000000000000000e+03
1.857000000000000000e+03
1.962000000000000000e+03
2.057000000000000000e+03
2.107000000000000000e+03
2.181000000000000000e+03
2.179000000000000000e+03
2.229000000000000000e+03
2.318000000000000000e+03
2.361000000000000000e+03
2.354000000000000000e+03
2.348000000000000000e+03
2.313000000000000000e+03
