4.038600000000000000e+04
4.038700000000000000e+04
4.038500000000000000e+04
4.060000000000000000e+04
4.061900000000000000e+04
4.103400000000000000e+04
4.080400000000000000e+04
4.128300000000000000e+04
4.103600000000000000e+04
4.160700000000000000e+04
4.132200000000000000e+04
4.013100000000000000e+04
3.980000000000000000e+04
4.013500000000000000e+04
3.987300000000000000e+04
4.032800000000000000e+04
4.007200000000000000e+04
4.047700000000000000e+04
4.021300000000000000e+04
4.057600000000000000e+04
4.069300000000000000e+04
4.077200000000000000e+04
4.093000000000000000e+04
4.119100000000000000e+04
4.149400000000000000e+04
4.162500000000000000e+04
4.183400000000000000e+04
4.207100000000000000e+04
4.209900000000000000e+04
4.224100000000000000e+04
4.212400000000000000e+04
4.213900000000000000e+04
