3.430000000000000000e+02
3.260000000000000000e+02
2.980000000000000000e+02
2.690000000000000000e+02
2.920000000000000000e+02
3.100000000000000000e+02
3.300000000000000000e+02
3.610000000000000000e+02
3.960000000000000000e+02
4.080000000000000000e+02
4.420000000000000000e+02
4.860000000000000000e+02
5.380000000000000000e+02
5.510000000000000000e+02
5.400000000000000000e+02
5.130000000000000000e+02
5.130000000000000000e+02
5.290000000000000000e+02
5.160000000000000000e+02
5.410000000000000000e+02
5.540000000000000000e+02
5.480000000000000000e+02
5.700000000000000000e+02
6.050000000000000000e+02
6.140000000000000000e+02
6.430000000000000000e+02
6.630000000000000000e+02
6.630000000000000000e+02
6.810000000000000000e+02
6.780000000000000000e+02
6.910000000000000000e+02
6.880000000000000000e+02
