6.200000000000000000e+01
5.500000000000000000e+01
6.300000000000000000e+01
6.500000000000000000e+01
6.600000000000000000e+01
7.500000000000000000e+01
7.600000000000000000e+01
8.000000000000000000e+01
8.500000000000000000e+01
8.800000000000000000e+01
9.300000000000000000e+01
1.010000000000000000e+02
9.600000000000000000e+01
1.010000000000000000e+02
1.020000000000000000e+02
9.200000000000000000e+01
8.700000000000000000e+01
7.900000000000000000e+01
6.400000000000000000e+01
6.900000000000000000e+01
6.400000000000000000e+01
5.500000000000000000e+01
5.600000000000000000e+01
5.100000000000000000e+01
6.300000000000000000e+01
8.300000000000000000e+01
9.100000000000000000e+01
9.300000000000000000e+01
1.220000000000000000e+02
1.200000000000000000e+02
1.210000000000000000e+02
1.340000000000000000e+02
