1.227000000000000000e+03
1.193000000000000000e+03
1.193000000000000000e+03
1.167000000000000000e+03
1.129000000000000000e+03
1.151000000000000000e+03
1.172000000000000000e+03
1.172000000000000000e+03
1.166000000000000000e+03
1.137000000000000000e+03
1.140000000000000000e+03
1.145000000000000000e+03
1.132000000000000000e+03
1.156000000000000000e+03
1.168000000000000000e+03
1.187000000000000000e+03
1.148000000000000000e+03
1.121000000000000000e+03
1.149000000000000000e+03
1.189000000000000000e+03
1.196000000000000000e+03
1.235000000000000000e+03
1.258000000000000000e+03
1.260000000000000000e+03
1.295000000000000000e+03
1.315000000000000000e+03
1.411000000000000000e+03
1.460000000000000000e+03
1.493000000000000000e+03
1.500000000000000000e+03
1.542000000000000000e+03
1.540000000000000000e+03
