1.753000000000000000e+03
1.706000000000000000e+03
1.640000000000000000e+03
1.608000000000000000e+03
1.566000000000000000e+03
1.579000000000000000e+03
1.534000000000000000e+03
1.511000000000000000e+03
1.534000000000000000e+03
1.533000000000000000e+03
1.523000000000000000e+03
1.555000000000000000e+03
1.571000000000000000e+03
1.594000000000000000e+03
1.611000000000000000e+03
1.580000000000000000e+03
1.583000000000000000e+03
1.597000000000000000e+03
1.572000000000000000e+03
1.518000000000000000e+03
1.519000000000000000e+03
1.489000000000000000e+03
1.417000000000000000e+03
1.430000000000000000e+03
1.384000000000000000e+03
1.384000000000000000e+03
1.340000000000000000e+03
1.363000000000000000e+03
1.281000000000000000e+03
1.307000000000000000e+03
1.218000000000000000e+03
1.238000000000000000e+03
