3.283000000000000000e+03
3.307000000000000000e+03
3.297000000000000000e+03
3.343000000000000000e+03
3.384000000000000000e+03
3.410000000000000000e+03
3.458000000000000000e+03
3.483000000000000000e+03
3.503000000000000000e+03
3.560000000000000000e+03
3.592000000000000000e+03
3.600000000000000000e+03
3.623000000000000000e+03
3.677000000000000000e+03
3.719000000000000000e+03
3.714000000000000000e+03
3.755000000000000000e+03
3.790000000000000000e+03
3.829000000000000000e+03
3.861000000000000000e+03
3.883000000000000000e+03
3.912000000000000000e+03
3.889000000000000000e+03
3.855000000000000000e+03
3.834000000000000000e+03
3.817000000000000000e+03
3.788000000000000000e+03
3.846000000000000000e+03
3.949000000000000000e+03
4.002000000000000000e+03
4.064000000000000000e+03
4.114000000000000000e+03
