1.513000000000000000e+03
1.529000000000000000e+03
1.556000000000000000e+03
1.571000000000000000e+03
1.589000000000000000e+03
1.566000000000000000e+03
1.559000000000000000e+03
1.565000000000000000e+03
1.533000000000000000e+03
1.490000000000000000e+03
1.472000000000000000e+03
1.452000000000000000e+03
1.424000000000000000e+03
1.388000000000000000e+03
1.391000000000000000e+03
1.369000000000000000e+03
1.337000000000000000e+03
1.325000000000000000e+03
1.307000000000000000e+03
1.323000000000000000e+03
1.294000000000000000e+03
1.279000000000000000e+03
1.262000000000000000e+03
1.246000000000000000e+03
1.194000000000000000e+03
1.221000000000000000e+03
1.254000000000000000e+03
1.258000000000000000e+03
1.244000000000000000e+03
1.192000000000000000e+03
1.194000000000000000e+03
1.189000000000000000e+03
