1.785000000000000000e+03
1.801000000000000000e+03
1.771000000000000000e+03
1.815000000000000000e+03
1.837000000000000000e+03
1.849000000000000000e+03
1.847000000000000000e+03
1.865000000000000000e+03
1.835000000000000000e+03
1.790000000000000000e+03
1.774000000000000000e+03
1.800000000000000000e+03
1.812000000000000000e+03
1.759000000000000000e+03
1.737000000000000000e+03
1.674000000000000000e+03
1.659000000000000000e+03
1.637000000000000000e+03
1.647000000000000000e+03
1.664000000000000000e+03
1.656000000000000000e+03
1.641000000000000000e+03
1.667000000000000000e+03
1.689000000000000000e+03
1.724000000000000000e+03
1.791000000000000000e+03
1.838000000000000000e+03
1.805000000000000000e+03
1.839000000000000000e+03
1.835000000000000000e+03
1.831000000000000000e+03
1.836000000000000000e+03
