1.678000000000000000e+04
1.686300000000000000e+04
1.675700000000000000e+04
1.689500000000000000e+04
1.689500000000000000e+04
1.684700000000000000e+04
1.680500000000000000e+04
1.682700000000000000e+04
1.681400000000000000e+04
1.681500000000000000e+04
1.674800000000000000e+04
1.696900000000000000e+04
1.700600000000000000e+04
1.705700000000000000e+04
1.682800000000000000e+04
1.683300000000000000e+04
1.685000000000000000e+04
1.691300000000000000e+04
1.692200000000000000e+04
1.694300000000000000e+04
1.692500000000000000e+04
1.672600000000000000e+04
1.666600000000000000e+04
1.675600000000000000e+04
1.674400000000000000e+04
1.669500000000000000e+04
1.666000000000000000e+04
1.664200000000000000e+04
1.653700000000000000e+04
1.648800000000000000e+04
1.639800000000000000e+04
1.636400000000000000e+04
