1.900000000000000000e+01
2.200000000000000000e+01
2.000000000000000000e+01
2.000000000000000000e+01
2.000000000000000000e+01
2.000000000000000000e+01
1.800000000000000000e+01
2.100000000000000000e+01
2.900000000000000000e+01
2.800000000000000000e+01
2.800000000000000000e+01
2.800000000000000000e+01
3.100000000000000000e+01
3.000000000000000000e+01
3.000000000000000000e+01
3.600000000000000000e+01
3.400000000000000000e+01
3.500000000000000000e+01
3.600000000000000000e+01
3.400000000000000000e+01
3.500000000000000000e+01
3.300000000000000000e+01
3.500000000000000000e+01
3.300000000000000000e+01
4.400000000000000000e+01
4.600000000000000000e+01
3.900000000000000000e+01
3.400000000000000000e+01
3.300000000000000000e+01
2.900000000000000000e+01
3.000000000000000000e+01
3.300000000000000000e+01
