8.728000000000000000e+03
8.859000000000000000e+03
8.932000000000000000e+03
9.045000000000000000e+03
9.135000000000000000e+03
9.213000000000000000e+03
9.303000000000000000e+03
9.405000000000000000e+03
9.520000000000000000e+03
9.646000000000000000e+03
9.713000000000000000e+03
9.751000000000000000e+03
9.850000000000000000e+03
9.922000000000000000e+03
9.983000000000000000e+03
1.008200000000000000e+04
1.016600000000000000e+04
1.027100000000000000e+04
1.038700000000000000e+04
1.056800000000000000e+04
1.069000000000000000e+04
1.065700000000000000e+04
1.091400000000000000e+04
1.106000000000000000e+04
1.114200000000000000e+04
1.117000000000000000e+04
1.115800000000000000e+04
1.121300000000000000e+04
1.132300000000000000e+04
1.144400000000000000e+04
1.152700000000000000e+04
1.161800000000000000e+04
