6.370700000000000000e+04
6.348700000000000000e+04
6.321300000000000000e+04
6.370200000000000000e+04
6.351300000000000000e+04
6.354400000000000000e+04
6.339000000000000000e+04
6.346100000000000000e+04
6.337800000000000000e+04
6.343900000000000000e+04
6.317800000000000000e+04
6.320700000000000000e+04
6.297700000000000000e+04
6.301000000000000000e+04
6.286600000000000000e+04
6.307400000000000000e+04
6.295400000000000000e+04
6.330000000000000000e+04
6.329800000000000000e+04
6.384600000000000000e+04
6.420600000000000000e+04
6.321200000000000000e+04
6.371700000000000000e+04
6.382200000000000000e+04
6.365900000000000000e+04
6.369300000000000000e+04
6.349200000000000000e+04
6.347100000000000000e+04
6.358200000000000000e+04
6.368900000000000000e+04
6.367200000000000000e+04
6.376000000000000000e+04
