5.660000000000000000e+02
5.890000000000000000e+02
6.040000000000000000e+02
6.160000000000000000e+02
6.260000000000000000e+02
6.560000000000000000e+02
6.940000000000000000e+02
7.410000000000000000e+02
7.530000000000000000e+02
7.840000000000000000e+02
7.860000000000000000e+02
7.990000000000000000e+02
8.020000000000000000e+02
8.320000000000000000e+02
8.480000000000000000e+02
8.430000000000000000e+02
8.460000000000000000e+02
8.360000000000000000e+02
8.460000000000000000e+02
8.400000000000000000e+02
8.350000000000000000e+02
8.130000000000000000e+02
8.160000000000000000e+02
8.110000000000000000e+02
8.060000000000000000e+02
8.350000000000000000e+02
8.340000000000000000e+02
8.200000000000000000e+02
8.300000000000000000e+02
8.140000000000000000e+02
8.070000000000000000e+02
8.050000000000000000e+02
