1.132000000000000000e+03
1.111000000000000000e+03
1.077000000000000000e+03
1.096000000000000000e+03
1.042000000000000000e+03
1.028000000000000000e+03
1.013000000000000000e+03
9.850000000000000000e+02
9.620000000000000000e+02
9.670000000000000000e+02
9.350000000000000000e+02
8.970000000000000000e+02
8.900000000000000000e+02
8.570000000000000000e+02
8.560000000000000000e+02
8.560000000000000000e+02
8.260000000000000000e+02
8.390000000000000000e+02
8.490000000000000000e+02
8.350000000000000000e+02
8.200000000000000000e+02
8.310000000000000000e+02
8.120000000000000000e+02
8.170000000000000000e+02
7.980000000000000000e+02
8.040000000000000000e+02
8.280000000000000000e+02
8.020000000000000000e+02
7.920000000000000000e+02
8.260000000000000000e+02
8.460000000000000000e+02
8.650000000000000000e+02
