1.610000000000000000e+02
1.640000000000000000e+02
1.780000000000000000e+02
1.810000000000000000e+02
1.770000000000000000e+02
1.930000000000000000e+02
1.880000000000000000e+02
1.670000000000000000e+02
1.510000000000000000e+02
1.380000000000000000e+02
1.240000000000000000e+02
1.160000000000000000e+02
1.100000000000000000e+02
1.100000000000000000e+02
1.090000000000000000e+02
1.080000000000000000e+02
1.110000000000000000e+02
1.280000000000000000e+02
1.440000000000000000e+02
1.580000000000000000e+02
1.900000000000000000e+02
2.000000000000000000e+02
2.150000000000000000e+02
2.260000000000000000e+02
2.410000000000000000e+02
2.640000000000000000e+02
2.770000000000000000e+02
2.780000000000000000e+02
2.830000000000000000e+02
2.810000000000000000e+02
2.890000000000000000e+02
2.960000000000000000e+02
