1.877000000000000000e+04
1.870300000000000000e+04
1.872400000000000000e+04
1.892100000000000000e+04
1.880200000000000000e+04
1.884500000000000000e+04
1.879100000000000000e+04
1.872700000000000000e+04
1.871800000000000000e+04
1.871000000000000000e+04
1.865200000000000000e+04
1.864300000000000000e+04
1.858700000000000000e+04
1.854700000000000000e+04
1.852900000000000000e+04
1.857500000000000000e+04
1.862500000000000000e+04
1.864800000000000000e+04
1.864100000000000000e+04
1.870500000000000000e+04
1.875600000000000000e+04
1.853300000000000000e+04
1.851500000000000000e+04
1.847600000000000000e+04
1.848000000000000000e+04
1.856800000000000000e+04
1.857900000000000000e+04
1.859900000000000000e+04
1.858900000000000000e+04
1.854200000000000000e+04
1.846100000000000000e+04
1.848700000000000000e+04
