9.560000000000000000e+02
9.520000000000000000e+02
9.380000000000000000e+02
9.470000000000000000e+02
9.450000000000000000e+02
9.450000000000000000e+02
9.590000000000000000e+02
9.430000000000000000e+02
9.510000000000000000e+02
9.570000000000000000e+02
9.320000000000000000e+02
9.200000000000000000e+02
9.040000000000000000e+02
8.650000000000000000e+02
8.400000000000000000e+02
8.190000000000000000e+02
8.070000000000000000e+02
7.940000000000000000e+02
7.730000000000000000e+02
7.750000000000000000e+02
7.680000000000000000e+02
7.880000000000000000e+02
7.630000000000000000e+02
7.630000000000000000e+02
7.530000000000000000e+02
7.290000000000000000e+02
7.050000000000000000e+02
7.170000000000000000e+02
7.370000000000000000e+02
7.610000000000000000e+02
8.010000000000000000e+02
8.080000000000000000e+02
