4.600000000000000000e+01
5.100000000000000000e+01
5.000000000000000000e+01
4.400000000000000000e+01
4.400000000000000000e+01
4.700000000000000000e+01
5.600000000000000000e+01
6.500000000000000000e+01
6.400000000000000000e+01
6.300000000000000000e+01
6.800000000000000000e+01
6.800000000000000000e+01
7.000000000000000000e+01
7.000000000000000000e+01
7.000000000000000000e+01
7.100000000000000000e+01
6.900000000000000000e+01
6.400000000000000000e+01
6.100000000000000000e+01
5.500000000000000000e+01
4.400000000000000000e+01
3.700000000000000000e+01
3.500000000000000000e+01
3.600000000000000000e+01
4.100000000000000000e+01
4.100000000000000000e+01
4.400000000000000000e+01
5.100000000000000000e+01
5.600000000000000000e+01
7.000000000000000000e+01
7.700000000000000000e+01
8.000000000000000000e+01
