1.594000000000000000e+03
1.595000000000000000e+03
1.576000000000000000e+03
1.618000000000000000e+03
1.573000000000000000e+03
1.577000000000000000e+03
1.560000000000000000e+03
1.541000000000000000e+03
1.555000000000000000e+03
1.533000000000000000e+03
1.483000000000000000e+03
1.495000000000000000e+03
1.480000000000000000e+03
1.441000000000000000e+03
1.453000000000000000e+03
1.437000000000000000e+03
1.429000000000000000e+03
1.398000000000000000e+03
1.375000000000000000e+03
1.349000000000000000e+03
1.372000000000000000e+03
1.333000000000000000e+03
1.317000000000000000e+03
1.298000000000000000e+03
1.276000000000000000e+03
1.247000000000000000e+03
1.239000000000000000e+03
1.221000000000000000e+03
1.206000000000000000e+03
1.184000000000000000e+03
1.184000000000000000e+03
1.156000000000000000e+03
