1.336000000000000000e+03
1.372000000000000000e+03
1.424000000000000000e+03
1.434000000000000000e+03
1.462000000000000000e+03
1.473000000000000000e+03
1.478000000000000000e+03
1.502000000000000000e+03
1.509000000000000000e+03
1.555000000000000000e+03
1.574000000000000000e+03
1.585000000000000000e+03
1.566000000000000000e+03
1.597000000000000000e+03
1.553000000000000000e+03
1.558000000000000000e+03
1.545000000000000000e+03
1.543000000000000000e+03
1.547000000000000000e+03
1.544000000000000000e+03
1.508000000000000000e+03
1.526000000000000000e+03
1.506000000000000000e+03
1.463000000000000000e+03
1.466000000000000000e+03
1.452000000000000000e+03
1.432000000000000000e+03
1.406000000000000000e+03
1.373000000000000000e+03
1.350000000000000000e+03
1.350000000000000000e+03
1.320000000000000000e+03
