8.950000000000000000e+02
9.030000000000000000e+02
9.530000000000000000e+02
1.016000000000000000e+03
1.079000000000000000e+03
1.154000000000000000e+03
1.228000000000000000e+03
1.269000000000000000e+03
1.279000000000000000e+03
1.282000000000000000e+03
1.311000000000000000e+03
1.346000000000000000e+03
1.389000000000000000e+03
1.389000000000000000e+03
1.411000000000000000e+03
1.430000000000000000e+03
1.457000000000000000e+03
1.480000000000000000e+03
1.487000000000000000e+03
1.527000000000000000e+03
1.554000000000000000e+03
1.569000000000000000e+03
1.570000000000000000e+03
1.607000000000000000e+03
1.578000000000000000e+03
1.571000000000000000e+03
1.561000000000000000e+03
1.550000000000000000e+03
1.548000000000000000e+03
1.542000000000000000e+03
1.493000000000000000e+03
1.513000000000000000e+03
