2.636000000000000000e+03
2.661000000000000000e+03
2.694000000000000000e+03
2.737000000000000000e+03
2.768000000000000000e+03
2.820000000000000000e+03
2.865000000000000000e+03
2.872000000000000000e+03
2.910000000000000000e+03
2.927000000000000000e+03
2.935000000000000000e+03
2.952000000000000000e+03
2.967000000000000000e+03
2.960000000000000000e+03
2.959000000000000000e+03
2.956000000000000000e+03
2.953000000000000000e+03
2.954000000000000000e+03
2.964000000000000000e+03
2.966000000000000000e+03
2.961000000000000000e+03
3.009000000000000000e+03
3.000000000000000000e+03
2.994000000000000000e+03
2.997000000000000000e+03
2.990000000000000000e+03
2.993000000000000000e+03
3.016000000000000000e+03
3.048000000000000000e+03
3.087000000000000000e+03
3.119000000000000000e+03
3.145000000000000000e+03
