1.388000000000000000e+03
1.364000000000000000e+03
1.345000000000000000e+03
1.358000000000000000e+03
1.333000000000000000e+03
1.300000000000000000e+03
1.272000000000000000e+03
1.235000000000000000e+03
1.211000000000000000e+03
1.149000000000000000e+03
1.136000000000000000e+03
1.114000000000000000e+03
1.065000000000000000e+03
1.058000000000000000e+03
1.031000000000000000e+03
1.012000000000000000e+03
1.000000000000000000e+03
9.760000000000000000e+02
9.610000000000000000e+02
9.610000000000000000e+02
9.410000000000000000e+02
9.030000000000000000e+02
8.970000000000000000e+02
8.600000000000000000e+02
8.560000000000000000e+02
8.570000000000000000e+02
8.250000000000000000e+02
8.410000000000000000e+02
8.310000000000000000e+02
8.160000000000000000e+02
8.010000000000000000e+02
8.140000000000000000e+02
