2.742000000000000000e+03
2.793000000000000000e+03
2.766000000000000000e+03
2.818000000000000000e+03
2.900000000000000000e+03
3.057000000000000000e+03
3.199000000000000000e+03
3.282000000000000000e+03
3.332000000000000000e+03
3.355000000000000000e+03
3.385000000000000000e+03
3.405000000000000000e+03
3.490000000000000000e+03
3.541000000000000000e+03
3.534000000000000000e+03
3.544000000000000000e+03
3.575000000000000000e+03
3.648000000000000000e+03
3.649000000000000000e+03
3.671000000000000000e+03
3.670000000000000000e+03
3.663000000000000000e+03
3.634000000000000000e+03
3.659000000000000000e+03
3.685000000000000000e+03
3.607000000000000000e+03
3.632000000000000000e+03
3.647000000000000000e+03
3.650000000000000000e+03
3.688000000000000000e+03
3.685000000000000000e+03
3.753000000000000000e+03
