2.694000000000000000e+03
2.734000000000000000e+03
2.789000000000000000e+03
2.780000000000000000e+03
2.744000000000000000e+03
2.704000000000000000e+03
2.623000000000000000e+03
2.632000000000000000e+03
2.624000000000000000e+03
2.671000000000000000e+03
2.697000000000000000e+03
2.769000000000000000e+03
2.743000000000000000e+03
2.786000000000000000e+03
2.862000000000000000e+03
3.041000000000000000e+03
3.175000000000000000e+03
3.266000000000000000e+03
3.288000000000000000e+03
3.323000000000000000e+03
3.322000000000000000e+03
3.329000000000000000e+03
3.434000000000000000e+03
3.493000000000000000e+03
3.513000000000000000e+03
3.518000000000000000e+03
3.532000000000000000e+03
3.587000000000000000e+03
3.578000000000000000e+03
3.599000000000000000e+03
3.598000000000000000e+03
3.602000000000000000e+03
