3.331900000000000000e+04
3.340800000000000000e+04
3.350000000000000000e+04
3.370400000000000000e+04
3.389800000000000000e+04
3.404000000000000000e+04
3.429400000000000000e+04
3.449800000000000000e+04
3.466800000000000000e+04
3.492300000000000000e+04
3.512900000000000000e+04
3.546500000000000000e+04
3.568500000000000000e+04
3.575900000000000000e+04
3.596300000000000000e+04
3.621500000000000000e+04
3.646000000000000000e+04
3.674800000000000000e+04
3.688900000000000000e+04
3.711900000000000000e+04
3.733200000000000000e+04
3.736900000000000000e+04
3.763200000000000000e+04
3.786100000000000000e+04
3.800300000000000000e+04
3.810800000000000000e+04
3.826800000000000000e+04
3.845700000000000000e+04
3.836100000000000000e+04
3.827900000000000000e+04
3.829800000000000000e+04
3.834600000000000000e+04
