6.800000000000000000e+01
7.000000000000000000e+01
7.200000000000000000e+01
7.600000000000000000e+01
8.100000000000000000e+01
9.000000000000000000e+01
8.300000000000000000e+01
8.700000000000000000e+01
9.000000000000000000e+01
1.020000000000000000e+02
1.010000000000000000e+02
1.060000000000000000e+02
1.100000000000000000e+02
1.180000000000000000e+02
1.200000000000000000e+02
1.270000000000000000e+02
1.150000000000000000e+02
1.120000000000000000e+02
1.000000000000000000e+02
9.400000000000000000e+01
9.300000000000000000e+01
9.500000000000000000e+01
1.030000000000000000e+02
1.020000000000000000e+02
1.210000000000000000e+02
1.330000000000000000e+02
1.410000000000000000e+02
1.490000000000000000e+02
1.630000000000000000e+02
1.790000000000000000e+02
1.910000000000000000e+02
2.070000000000000000e+02
