4.450000000000000000e+02
4.360000000000000000e+02
4.320000000000000000e+02
4.510000000000000000e+02
4.340000000000000000e+02
4.330000000000000000e+02
4.360000000000000000e+02
4.270000000000000000e+02
4.100000000000000000e+02
3.940000000000000000e+02
4.070000000000000000e+02
4.040000000000000000e+02
3.950000000000000000e+02
4.020000000000000000e+02
4.060000000000000000e+02
3.990000000000000000e+02
3.900000000000000000e+02
4.020000000000000000e+02
4.060000000000000000e+02
4.210000000000000000e+02
4.180000000000000000e+02
4.280000000000000000e+02
4.560000000000000000e+02
4.600000000000000000e+02
4.580000000000000000e+02
4.740000000000000000e+02
4.730000000000000000e+02
4.840000000000000000e+02
5.050000000000000000e+02
4.890000000000000000e+02
4.880000000000000000e+02
4.780000000000000000e+02
