5.560000000000000000e+02
5.830000000000000000e+02
6.070000000000000000e+02
6.260000000000000000e+02
6.570000000000000000e+02
6.860000000000000000e+02
6.800000000000000000e+02
6.920000000000000000e+02
7.150000000000000000e+02
7.190000000000000000e+02
7.130000000000000000e+02
6.920000000000000000e+02
6.790000000000000000e+02
6.870000000000000000e+02
6.740000000000000000e+02
6.770000000000000000e+02
6.890000000000000000e+02
6.910000000000000000e+02
6.850000000000000000e+02
6.900000000000000000e+02
7.020000000000000000e+02
7.200000000000000000e+02
7.270000000000000000e+02
7.120000000000000000e+02
7.500000000000000000e+02
7.580000000000000000e+02
7.460000000000000000e+02
7.570000000000000000e+02
7.640000000000000000e+02
7.500000000000000000e+02
7.500000000000000000e+02
7.520000000000000000e+02
