9.640000000000000000e+02
9.640000000000000000e+02
9.520000000000000000e+02
9.410000000000000000e+02
9.250000000000000000e+02
9.060000000000000000e+02
9.130000000000000000e+02
9.270000000000000000e+02
9.290000000000000000e+02
9.240000000000000000e+02
9.120000000000000000e+02
9.060000000000000000e+02
9.140000000000000000e+02
8.870000000000000000e+02
9.000000000000000000e+02
9.160000000000000000e+02
9.030000000000000000e+02
9.090000000000000000e+02
9.160000000000000000e+02
9.230000000000000000e+02
9.560000000000000000e+02
1.031000000000000000e+03
1.095000000000000000e+03
1.150000000000000000e+03
1.121000000000000000e+03
1.123000000000000000e+03
1.106000000000000000e+03
1.111000000000000000e+03
1.114000000000000000e+03
1.123000000000000000e+03
1.114000000000000000e+03
1.074000000000000000e+03
