3.500000000000000000e+01
3.300000000000000000e+01
3.400000000000000000e+01
3.700000000000000000e+01
4.200000000000000000e+01
4.200000000000000000e+01
3.800000000000000000e+01
4.000000000000000000e+01
4.200000000000000000e+01
4.500000000000000000e+01
4.300000000000000000e+01
4.500000000000000000e+01
5.500000000000000000e+01
5.400000000000000000e+01
5.400000000000000000e+01
5.100000000000000000e+01
4.200000000000000000e+01
3.800000000000000000e+01
3.400000000000000000e+01
3.400000000000000000e+01
3.600000000000000000e+01
3.500000000000000000e+01
4.700000000000000000e+01
5.500000000000000000e+01
5.900000000000000000e+01
5.900000000000000000e+01
6.800000000000000000e+01
7.400000000000000000e+01
8.400000000000000000e+01
9.500000000000000000e+01
9.900000000000000000e+01
1.000000000000000000e+02
