1.654000000000000000e+03
1.627000000000000000e+03
1.658000000000000000e+03
1.652000000000000000e+03
1.658000000000000000e+03
1.652000000000000000e+03
1.626000000000000000e+03
1.611000000000000000e+03
1.620000000000000000e+03
1.633000000000000000e+03
1.649000000000000000e+03
1.676000000000000000e+03
1.637000000000000000e+03
1.612000000000000000e+03
1.565000000000000000e+03
1.561000000000000000e+03
1.559000000000000000e+03
1.498000000000000000e+03
1.465000000000000000e+03
1.445000000000000000e+03
1.419000000000000000e+03
1.260000000000000000e+03
1.222000000000000000e+03
1.203000000000000000e+03
1.194000000000000000e+03
1.149000000000000000e+03
1.111000000000000000e+03
1.114000000000000000e+03
1.055000000000000000e+03
1.020000000000000000e+03
1.007000000000000000e+03
9.770000000000000000e+02
