1.659000000000000000e+03
1.658000000000000000e+03
1.635000000000000000e+03
1.641000000000000000e+03
1.651000000000000000e+03
1.656000000000000000e+03
1.638000000000000000e+03
1.651000000000000000e+03
1.662000000000000000e+03
1.671000000000000000e+03
1.673000000000000000e+03
1.652000000000000000e+03
1.650000000000000000e+03
1.633000000000000000e+03
1.621000000000000000e+03
1.583000000000000000e+03
1.589000000000000000e+03
1.566000000000000000e+03
1.552000000000000000e+03
1.531000000000000000e+03
1.517000000000000000e+03
1.524000000000000000e+03
1.502000000000000000e+03
1.501000000000000000e+03
1.491000000000000000e+03
1.489000000000000000e+03
1.523000000000000000e+03
1.518000000000000000e+03
1.513000000000000000e+03
1.507000000000000000e+03
1.496000000000000000e+03
1.468000000000000000e+03
