2.057400000000000000e+04
2.066900000000000000e+04
2.076300000000000000e+04
2.101400000000000000e+04
2.122900000000000000e+04
2.141100000000000000e+04
2.154900000000000000e+04
2.167800000000000000e+04
2.185300000000000000e+04
2.212700000000000000e+04
2.230400000000000000e+04
2.286500000000000000e+04
2.308900000000000000e+04
2.322200000000000000e+04
2.345400000000000000e+04
2.372800000000000000e+04
2.398800000000000000e+04
2.423100000000000000e+04
2.451900000000000000e+04
2.483800000000000000e+04
2.512700000000000000e+04
2.540600000000000000e+04
2.574400000000000000e+04
2.601400000000000000e+04
2.619500000000000000e+04
2.638900000000000000e+04
2.645200000000000000e+04
2.664900000000000000e+04
2.678600000000000000e+04
2.688000000000000000e+04
2.689300000000000000e+04
2.693700000000000000e+04
