2.102000000000000000e+03
2.083000000000000000e+03
2.062000000000000000e+03
2.052000000000000000e+03
2.002000000000000000e+03
1.999000000000000000e+03
1.985000000000000000e+03
1.935000000000000000e+03
1.937000000000000000e+03
1.921000000000000000e+03
1.939000000000000000e+03
1.967000000000000000e+03
1.927000000000000000e+03
1.900000000000000000e+03
1.894000000000000000e+03
1.900000000000000000e+03
1.949000000000000000e+03
1.962000000000000000e+03
1.925000000000000000e+03
1.964000000000000000e+03
1.963000000000000000e+03
2.001000000000000000e+03
2.016000000000000000e+03
2.045000000000000000e+03
2.037000000000000000e+03
2.035000000000000000e+03
2.006000000000000000e+03
2.038000000000000000e+03
2.112000000000000000e+03
2.152000000000000000e+03
2.186000000000000000e+03
2.252000000000000000e+03
