6.112000000000000000e+03
6.080000000000000000e+03
6.081000000000000000e+03
6.064000000000000000e+03
6.025000000000000000e+03
6.033000000000000000e+03
6.044000000000000000e+03
6.010000000000000000e+03
5.906000000000000000e+03
5.901000000000000000e+03
5.896000000000000000e+03
6.001000000000000000e+03
5.983000000000000000e+03
5.956000000000000000e+03
5.905000000000000000e+03
5.897000000000000000e+03
5.885000000000000000e+03
5.859000000000000000e+03
5.926000000000000000e+03
5.993000000000000000e+03
6.024000000000000000e+03
6.176000000000000000e+03
6.253000000000000000e+03
6.308000000000000000e+03
6.368000000000000000e+03
6.422000000000000000e+03
6.479000000000000000e+03
6.605000000000000000e+03
6.691000000000000000e+03
6.738000000000000000e+03
6.786000000000000000e+03
6.869000000000000000e+03
