2.276000000000000000e+03
2.296000000000000000e+03
2.349000000000000000e+03
2.383000000000000000e+03
2.414000000000000000e+03
2.412000000000000000e+03
2.429000000000000000e+03
2.434000000000000000e+03
2.422000000000000000e+03
2.442000000000000000e+03
2.469000000000000000e+03
2.501000000000000000e+03
2.461000000000000000e+03
2.455000000000000000e+03
2.460000000000000000e+03
2.477000000000000000e+03
2.454000000000000000e+03
2.473000000000000000e+03
2.499000000000000000e+03
2.505000000000000000e+03
2.512000000000000000e+03
2.487000000000000000e+03
2.552000000000000000e+03
2.571000000000000000e+03
2.588000000000000000e+03
2.565000000000000000e+03
2.533000000000000000e+03
2.533000000000000000e+03
2.459000000000000000e+03
2.446000000000000000e+03
2.393000000000000000e+03
2.364000000000000000e+03
