2.590000000000000000e+02
2.620000000000000000e+02
2.730000000000000000e+02
2.750000000000000000e+02
2.800000000000000000e+02
2.660000000000000000e+02
2.660000000000000000e+02
2.440000000000000000e+02
2.250000000000000000e+02
2.130000000000000000e+02
1.980000000000000000e+02
1.970000000000000000e+02
1.830000000000000000e+02
1.680000000000000000e+02
1.770000000000000000e+02
1.840000000000000000e+02
1.970000000000000000e+02
2.070000000000000000e+02
2.020000000000000000e+02
2.320000000000000000e+02
2.530000000000000000e+02
2.690000000000000000e+02
2.910000000000000000e+02
3.040000000000000000e+02
3.160000000000000000e+02
3.380000000000000000e+02
3.490000000000000000e+02
3.450000000000000000e+02
3.700000000000000000e+02
3.750000000000000000e+02
3.830000000000000000e+02
3.980000000000000000e+02
