5.960000000000000000e+02
6.050000000000000000e+02
6.060000000000000000e+02
5.990000000000000000e+02
5.920000000000000000e+02
5.890000000000000000e+02
5.810000000000000000e+02
5.630000000000000000e+02
5.560000000000000000e+02
5.470000000000000000e+02
5.230000000000000000e+02
4.900000000000000000e+02
4.960000000000000000e+02
4.970000000000000000e+02
5.030000000000000000e+02
4.980000000000000000e+02
5.000000000000000000e+02
5.010000000000000000e+02
4.940000000000000000e+02
5.010000000000000000e+02
5.200000000000000000e+02
5.380000000000000000e+02
5.410000000000000000e+02
5.490000000000000000e+02
5.380000000000000000e+02
5.320000000000000000e+02
5.100000000000000000e+02
4.950000000000000000e+02
5.070000000000000000e+02
5.170000000000000000e+02
5.060000000000000000e+02
5.080000000000000000e+02
