1.686000000000000000e+03
1.659000000000000000e+03
1.625000000000000000e+03
1.630000000000000000e+03
1.558000000000000000e+03
1.534000000000000000e+03
1.493000000000000000e+03
1.455000000000000000e+03
1.423000000000000000e+03
1.394000000000000000e+03
1.369000000000000000e+03
1.340000000000000000e+03
1.301000000000000000e+03
1.302000000000000000e+03
1.278000000000000000e+03
1.256000000000000000e+03
1.247000000000000000e+03
1.236000000000000000e+03
1.236000000000000000e+03
1.230000000000000000e+03
1.258000000000000000e+03
1.268000000000000000e+03
1.257000000000000000e+03
1.226000000000000000e+03
1.226000000000000000e+03
1.214000000000000000e+03
1.212000000000000000e+03
1.201000000000000000e+03
1.212000000000000000e+03
1.194000000000000000e+03
1.185000000000000000e+03
1.183000000000000000e+03
