4.360000000000000000e+02
4.420000000000000000e+02
4.310000000000000000e+02
4.190000000000000000e+02
4.010000000000000000e+02
3.990000000000000000e+02
3.980000000000000000e+02
4.040000000000000000e+02
4.050000000000000000e+02
4.060000000000000000e+02
4.110000000000000000e+02
4.020000000000000000e+02
3.910000000000000000e+02
3.940000000000000000e+02
4.090000000000000000e+02
3.960000000000000000e+02
4.000000000000000000e+02
3.960000000000000000e+02
3.960000000000000000e+02
4.040000000000000000e+02
4.180000000000000000e+02
4.180000000000000000e+02
4.330000000000000000e+02
4.270000000000000000e+02
4.290000000000000000e+02
4.250000000000000000e+02
4.200000000000000000e+02
4.140000000000000000e+02
4.270000000000000000e+02
4.140000000000000000e+02
3.940000000000000000e+02
4.000000000000000000e+02
