1.570000000000000000e+03
1.582000000000000000e+03
1.604000000000000000e+03
1.614000000000000000e+03
1.603000000000000000e+03
1.622000000000000000e+03
1.639000000000000000e+03
1.651000000000000000e+03
1.651000000000000000e+03
1.653000000000000000e+03
1.668000000000000000e+03
1.659000000000000000e+03
1.685000000000000000e+03
1.700000000000000000e+03
1.706000000000000000e+03
1.718000000000000000e+03
1.730000000000000000e+03
1.755000000000000000e+03
1.767000000000000000e+03
1.790000000000000000e+03
1.826000000000000000e+03
1.827000000000000000e+03
1.836000000000000000e+03
1.858000000000000000e+03
1.875000000000000000e+03
1.860000000000000000e+03
1.845000000000000000e+03
1.846000000000000000e+03
1.860000000000000000e+03
1.889000000000000000e+03
1.894000000000000000e+03
1.898000000000000000e+03
