2.940000000000000000e+02
2.930000000000000000e+02
3.100000000000000000e+02
3.200000000000000000e+02
3.120000000000000000e+02
3.280000000000000000e+02
3.480000000000000000e+02
3.620000000000000000e+02
3.640000000000000000e+02
3.590000000000000000e+02
3.600000000000000000e+02
3.640000000000000000e+02
3.700000000000000000e+02
3.760000000000000000e+02
3.690000000000000000e+02
3.680000000000000000e+02
3.710000000000000000e+02
3.840000000000000000e+02
3.830000000000000000e+02
3.900000000000000000e+02
3.990000000000000000e+02
4.150000000000000000e+02
4.090000000000000000e+02
4.050000000000000000e+02
4.160000000000000000e+02
4.150000000000000000e+02
4.110000000000000000e+02
4.010000000000000000e+02
3.910000000000000000e+02
3.870000000000000000e+02
3.770000000000000000e+02
3.560000000000000000e+02
