1.289000000000000000e+03
1.247000000000000000e+03
1.239000000000000000e+03
1.201000000000000000e+03
1.178000000000000000e+03
1.149000000000000000e+03
1.140000000000000000e+03
1.134000000000000000e+03
1.129000000000000000e+03
1.116000000000000000e+03
1.103000000000000000e+03
1.122000000000000000e+03
1.104000000000000000e+03
1.094000000000000000e+03
1.075000000000000000e+03
1.061000000000000000e+03
1.048000000000000000e+03
1.038000000000000000e+03
1.012000000000000000e+03
1.007000000000000000e+03
1.000000000000000000e+03
9.670000000000000000e+02
8.780000000000000000e+02
9.290000000000000000e+02
9.110000000000000000e+02
9.080000000000000000e+02
8.700000000000000000e+02
8.930000000000000000e+02
8.660000000000000000e+02
8.790000000000000000e+02
8.320000000000000000e+02
8.380000000000000000e+02
