7.960000000000000000e+02
8.430000000000000000e+02
8.970000000000000000e+02
9.720000000000000000e+02
1.030000000000000000e+03
1.121000000000000000e+03
1.194000000000000000e+03
1.261000000000000000e+03
1.254000000000000000e+03
1.287000000000000000e+03
1.328000000000000000e+03
1.361000000000000000e+03
1.359000000000000000e+03
1.336000000000000000e+03
1.315000000000000000e+03
1.333000000000000000e+03
1.316000000000000000e+03
1.299000000000000000e+03
1.283000000000000000e+03
1.300000000000000000e+03
1.251000000000000000e+03
1.223000000000000000e+03
1.207000000000000000e+03
1.218000000000000000e+03
1.222000000000000000e+03
1.203000000000000000e+03
1.180000000000000000e+03
1.209000000000000000e+03
1.211000000000000000e+03
1.215000000000000000e+03
1.244000000000000000e+03
1.260000000000000000e+03
