8.530000000000000000e+02
8.590000000000000000e+02
8.780000000000000000e+02
8.770000000000000000e+02
9.010000000000000000e+02
9.200000000000000000e+02
9.200000000000000000e+02
9.190000000000000000e+02
9.460000000000000000e+02
9.430000000000000000e+02
9.370000000000000000e+02
8.940000000000000000e+02
8.720000000000000000e+02
8.330000000000000000e+02
7.980000000000000000e+02
7.430000000000000000e+02
7.050000000000000000e+02
6.980000000000000000e+02
7.200000000000000000e+02
7.240000000000000000e+02
7.320000000000000000e+02
7.860000000000000000e+02
8.390000000000000000e+02
9.170000000000000000e+02
9.750000000000000000e+02
1.061000000000000000e+03
1.127000000000000000e+03
1.190000000000000000e+03
1.187000000000000000e+03
1.219000000000000000e+03
1.257000000000000000e+03
1.293000000000000000e+03
