2.977000000000000000e+03
2.955000000000000000e+03
2.898000000000000000e+03
2.883000000000000000e+03
2.843000000000000000e+03
2.816000000000000000e+03
2.764000000000000000e+03
2.722000000000000000e+03
2.695000000000000000e+03
2.678000000000000000e+03
2.628000000000000000e+03
2.585000000000000000e+03
2.543000000000000000e+03
2.522000000000000000e+03
2.510000000000000000e+03
2.463000000000000000e+03
2.447000000000000000e+03
2.411000000000000000e+03
2.396000000000000000e+03
2.403000000000000000e+03
2.369000000000000000e+03
2.359000000000000000e+03
2.369000000000000000e+03
2.368000000000000000e+03
2.391000000000000000e+03
2.386000000000000000e+03
2.374000000000000000e+03
2.393000000000000000e+03
2.411000000000000000e+03
2.403000000000000000e+03
2.421000000000000000e+03
2.422000000000000000e+03
