1.131000000000000000e+03
1.162000000000000000e+03
1.216000000000000000e+03
1.220000000000000000e+03
1.249000000000000000e+03
1.241000000000000000e+03
1.226000000000000000e+03
1.234000000000000000e+03
1.242000000000000000e+03
1.212000000000000000e+03
1.203000000000000000e+03
1.201000000000000000e+03
1.168000000000000000e+03
1.140000000000000000e+03
1.110000000000000000e+03
1.106000000000000000e+03
1.101000000000000000e+03
1.072000000000000000e+03
1.056000000000000000e+03
1.050000000000000000e+03
1.044000000000000000e+03
1.012000000000000000e+03
1.008000000000000000e+03
1.032000000000000000e+03
1.006000000000000000e+03
1.001000000000000000e+03
1.001000000000000000e+03
1.022000000000000000e+03
1.025000000000000000e+03
1.008000000000000000e+03
1.001000000000000000e+03
1.021000000000000000e+03
