1.039000000000000000e+03
1.052000000000000000e+03
1.027000000000000000e+03
9.990000000000000000e+02
1.018000000000000000e+03
9.970000000000000000e+02
9.780000000000000000e+02
9.440000000000000000e+02
9.380000000000000000e+02
9.570000000000000000e+02
9.710000000000000000e+02
9.760000000000000000e+02
1.003000000000000000e+03
1.023000000000000000e+03
1.016000000000000000e+03
1.032000000000000000e+03
1.023000000000000000e+03
1.055000000000000000e+03
1.039000000000000000e+03
1.030000000000000000e+03
1.050000000000000000e+03
1.044000000000000000e+03
1.086000000000000000e+03
1.100000000000000000e+03
1.084000000000000000e+03
1.085000000000000000e+03
1.068000000000000000e+03
1.048000000000000000e+03
1.046000000000000000e+03
1.044000000000000000e+03
1.044000000000000000e+03
1.037000000000000000e+03
