9.956000000000000000e+03
9.983000000000000000e+03
1.002100000000000000e+04
1.002500000000000000e+04
1.004400000000000000e+04
1.004000000000000000e+04
1.003900000000000000e+04
1.005000000000000000e+04
1.003300000000000000e+04
1.002800000000000000e+04
1.004200000000000000e+04
1.004400000000000000e+04
1.003800000000000000e+04
1.001300000000000000e+04
9.980000000000000000e+03
9.926000000000000000e+03
9.912000000000000000e+03
9.915000000000000000e+03
9.861000000000000000e+03
9.824000000000000000e+03
9.768000000000000000e+03
9.540000000000000000e+03
9.516000000000000000e+03
9.556000000000000000e+03
9.571000000000000000e+03
9.526000000000000000e+03
9.536000000000000000e+03
9.548000000000000000e+03
9.472000000000000000e+03
9.398000000000000000e+03
9.381000000000000000e+03
9.353000000000000000e+03
