6.690000000000000000e+02
6.240000000000000000e+02
6.150000000000000000e+02
6.140000000000000000e+02
6.040000000000000000e+02
5.990000000000000000e+02
5.730000000000000000e+02
5.410000000000000000e+02
5.410000000000000000e+02
5.360000000000000000e+02
5.470000000000000000e+02
5.530000000000000000e+02
5.450000000000000000e+02
5.510000000000000000e+02
5.410000000000000000e+02
5.420000000000000000e+02
5.430000000000000000e+02
5.550000000000000000e+02
5.520000000000000000e+02
5.500000000000000000e+02
5.370000000000000000e+02
5.260000000000000000e+02
5.150000000000000000e+02
5.100000000000000000e+02
5.050000000000000000e+02
5.210000000000000000e+02
5.370000000000000000e+02
5.340000000000000000e+02
5.430000000000000000e+02
5.540000000000000000e+02
5.720000000000000000e+02
5.970000000000000000e+02
