4.740000000000000000e+02
5.140000000000000000e+02
5.410000000000000000e+02
5.600000000000000000e+02
5.650000000000000000e+02
5.680000000000000000e+02
5.710000000000000000e+02
5.580000000000000000e+02
5.500000000000000000e+02
5.610000000000000000e+02
5.700000000000000000e+02
5.520000000000000000e+02
5.500000000000000000e+02
5.460000000000000000e+02
5.300000000000000000e+02
5.240000000000000000e+02
5.230000000000000000e+02
5.400000000000000000e+02
5.520000000000000000e+02
5.480000000000000000e+02
5.390000000000000000e+02
5.480000000000000000e+02
5.410000000000000000e+02
5.400000000000000000e+02
5.520000000000000000e+02
5.560000000000000000e+02
5.490000000000000000e+02
5.430000000000000000e+02
5.450000000000000000e+02
5.330000000000000000e+02
5.260000000000000000e+02
5.320000000000000000e+02
