2.660000000000000000e+02
2.340000000000000000e+02
2.210000000000000000e+02
2.070000000000000000e+02
2.180000000000000000e+02
2.210000000000000000e+02
2.390000000000000000e+02
2.600000000000000000e+02
3.060000000000000000e+02
3.200000000000000000e+02
3.470000000000000000e+02
3.760000000000000000e+02
3.940000000000000000e+02
4.040000000000000000e+02
4.140000000000000000e+02
4.260000000000000000e+02
4.360000000000000000e+02
4.280000000000000000e+02
4.310000000000000000e+02
4.410000000000000000e+02
4.470000000000000000e+02
4.370000000000000000e+02
4.410000000000000000e+02
4.440000000000000000e+02
4.220000000000000000e+02
4.210000000000000000e+02
4.170000000000000000e+02
4.280000000000000000e+02
4.320000000000000000e+02
4.330000000000000000e+02
4.180000000000000000e+02
4.240000000000000000e+02
