1.092000000000000000e+03
1.083000000000000000e+03
1.065000000000000000e+03
1.052000000000000000e+03
1.046000000000000000e+03
1.025000000000000000e+03
1.008000000000000000e+03
1.010000000000000000e+03
1.003000000000000000e+03
9.960000000000000000e+02
9.680000000000000000e+02
9.500000000000000000e+02
9.020000000000000000e+02
8.670000000000000000e+02
8.490000000000000000e+02
8.030000000000000000e+02
8.050000000000000000e+02
7.830000000000000000e+02
7.530000000000000000e+02
7.160000000000000000e+02
6.740000000000000000e+02
6.110000000000000000e+02
5.790000000000000000e+02
5.830000000000000000e+02
5.850000000000000000e+02
5.940000000000000000e+02
5.540000000000000000e+02
5.280000000000000000e+02
5.340000000000000000e+02
5.440000000000000000e+02
5.350000000000000000e+02
5.600000000000000000e+02
