7.670000000000000000e+02
7.670000000000000000e+02
7.600000000000000000e+02
7.510000000000000000e+02
7.800000000000000000e+02
7.870000000000000000e+02
7.620000000000000000e+02
7.640000000000000000e+02
7.550000000000000000e+02
7.400000000000000000e+02
7.470000000000000000e+02
7.430000000000000000e+02
7.510000000000000000e+02
7.730000000000000000e+02
7.740000000000000000e+02
7.600000000000000000e+02
7.550000000000000000e+02
7.610000000000000000e+02
7.590000000000000000e+02
7.670000000000000000e+02
7.580000000000000000e+02
7.620000000000000000e+02
7.400000000000000000e+02
7.190000000000000000e+02
6.840000000000000000e+02
6.590000000000000000e+02
6.360000000000000000e+02
6.420000000000000000e+02
6.650000000000000000e+02
6.890000000000000000e+02
6.980000000000000000e+02
7.580000000000000000e+02
