8.200000000000000000e+01
8.700000000000000000e+01
9.500000000000000000e+01
9.800000000000000000e+01
9.500000000000000000e+01
1.000000000000000000e+02
1.000000000000000000e+02
9.200000000000000000e+01
8.300000000000000000e+01
8.300000000000000000e+01
8.300000000000000000e+01
7.400000000000000000e+01
6.900000000000000000e+01
6.000000000000000000e+01
7.000000000000000000e+01
8.400000000000000000e+01
9.300000000000000000e+01
1.000000000000000000e+02
1.160000000000000000e+02
1.160000000000000000e+02
1.450000000000000000e+02
1.940000000000000000e+02
1.970000000000000000e+02
2.040000000000000000e+02
1.990000000000000000e+02
1.820000000000000000e+02
1.910000000000000000e+02
2.040000000000000000e+02
2.250000000000000000e+02
2.310000000000000000e+02
2.380000000000000000e+02
2.280000000000000000e+02
