9.140000000000000000e+02
9.170000000000000000e+02
9.090000000000000000e+02
9.590000000000000000e+02
9.520000000000000000e+02
9.470000000000000000e+02
9.940000000000000000e+02
1.012000000000000000e+03
1.057000000000000000e+03
1.091000000000000000e+03
1.117000000000000000e+03
1.133000000000000000e+03
1.159000000000000000e+03
1.198000000000000000e+03
1.225000000000000000e+03
1.229000000000000000e+03
1.223000000000000000e+03
1.230000000000000000e+03
1.231000000000000000e+03
1.275000000000000000e+03
1.295000000000000000e+03
1.243000000000000000e+03
1.266000000000000000e+03
1.274000000000000000e+03
1.233000000000000000e+03
1.210000000000000000e+03
1.163000000000000000e+03
1.141000000000000000e+03
1.128000000000000000e+03
1.094000000000000000e+03
1.091000000000000000e+03
1.054000000000000000e+03
