1.434000000000000000e+03
1.402000000000000000e+03
1.439000000000000000e+03
1.422000000000000000e+03
1.385000000000000000e+03
1.374000000000000000e+03
1.323000000000000000e+03
1.313000000000000000e+03
1.298000000000000000e+03
1.263000000000000000e+03
1.275000000000000000e+03
1.287000000000000000e+03
1.236000000000000000e+03
1.227000000000000000e+03
1.224000000000000000e+03
1.204000000000000000e+03
1.245000000000000000e+03
1.215000000000000000e+03
1.143000000000000000e+03
1.169000000000000000e+03
1.169000000000000000e+03
1.132000000000000000e+03
1.112000000000000000e+03
1.114000000000000000e+03
1.108000000000000000e+03
1.089000000000000000e+03
1.064000000000000000e+03
1.063000000000000000e+03
1.068000000000000000e+03
1.066000000000000000e+03
1.044000000000000000e+03
1.051000000000000000e+03
