6.920000000000000000e+02
6.530000000000000000e+02
6.130000000000000000e+02
6.180000000000000000e+02
5.920000000000000000e+02
5.740000000000000000e+02
5.920000000000000000e+02
6.020000000000000000e+02
6.140000000000000000e+02
6.040000000000000000e+02
5.710000000000000000e+02
5.780000000000000000e+02
5.910000000000000000e+02
5.960000000000000000e+02
5.730000000000000000e+02
5.560000000000000000e+02
5.600000000000000000e+02
5.460000000000000000e+02
5.350000000000000000e+02
5.370000000000000000e+02
5.600000000000000000e+02
5.560000000000000000e+02
5.790000000000000000e+02
5.910000000000000000e+02
6.040000000000000000e+02
6.140000000000000000e+02
6.020000000000000000e+02
6.200000000000000000e+02
6.220000000000000000e+02
6.420000000000000000e+02
6.700000000000000000e+02
6.940000000000000000e+02
