3.370000000000000000e+02
3.720000000000000000e+02
3.900000000000000000e+02
4.220000000000000000e+02
4.360000000000000000e+02
4.290000000000000000e+02
4.390000000000000000e+02
4.320000000000000000e+02
4.340000000000000000e+02
4.710000000000000000e+02
4.490000000000000000e+02
4.580000000000000000e+02
4.890000000000000000e+02
5.050000000000000000e+02
5.070000000000000000e+02
5.370000000000000000e+02
5.650000000000000000e+02
5.670000000000000000e+02
5.820000000000000000e+02
5.880000000000000000e+02
5.800000000000000000e+02
6.020000000000000000e+02
6.040000000000000000e+02
5.940000000000000000e+02
5.990000000000000000e+02
6.000000000000000000e+02
5.950000000000000000e+02
6.140000000000000000e+02
6.210000000000000000e+02
6.090000000000000000e+02
6.210000000000000000e+02
6.050000000000000000e+02
