8.090000000000000000e+02
8.010000000000000000e+02
7.760000000000000000e+02
7.710000000000000000e+02
7.440000000000000000e+02
7.100000000000000000e+02
6.810000000000000000e+02
6.740000000000000000e+02
7.040000000000000000e+02
7.240000000000000000e+02
7.440000000000000000e+02
7.960000000000000000e+02
8.280000000000000000e+02
8.420000000000000000e+02
8.710000000000000000e+02
9.500000000000000000e+02
1.046000000000000000e+03
1.106000000000000000e+03
1.122000000000000000e+03
1.176000000000000000e+03
1.212000000000000000e+03
1.254000000000000000e+03
1.269000000000000000e+03
1.311000000000000000e+03
1.340000000000000000e+03
1.345000000000000000e+03
1.355000000000000000e+03
1.369000000000000000e+03
1.436000000000000000e+03
1.414000000000000000e+03
1.418000000000000000e+03
1.384000000000000000e+03
