2.143000000000000000e+03
2.131000000000000000e+03
2.089000000000000000e+03
2.092000000000000000e+03
2.027000000000000000e+03
1.964000000000000000e+03
1.915000000000000000e+03
1.889000000000000000e+03
1.846000000000000000e+03
1.766000000000000000e+03
1.713000000000000000e+03
1.658000000000000000e+03
1.606000000000000000e+03
1.560000000000000000e+03
1.541000000000000000e+03
1.509000000000000000e+03
1.455000000000000000e+03
1.429000000000000000e+03
1.415000000000000000e+03
1.411000000000000000e+03
1.411000000000000000e+03
1.390000000000000000e+03
1.385000000000000000e+03
1.363000000000000000e+03
1.345000000000000000e+03
1.349000000000000000e+03
1.358000000000000000e+03
1.362000000000000000e+03
1.325000000000000000e+03
1.324000000000000000e+03
1.339000000000000000e+03
1.330000000000000000e+03
