2.386000000000000000e+03
2.412000000000000000e+03
2.394000000000000000e+03
2.431000000000000000e+03
2.444000000000000000e+03
2.473000000000000000e+03
2.454000000000000000e+03
2.451000000000000000e+03
2.451000000000000000e+03
2.430000000000000000e+03
2.400000000000000000e+03
2.365000000000000000e+03
2.387000000000000000e+03
2.325000000000000000e+03
2.332000000000000000e+03
2.304000000000000000e+03
2.306000000000000000e+03
2.237000000000000000e+03
2.196000000000000000e+03
2.194000000000000000e+03
2.190000000000000000e+03
2.099000000000000000e+03
2.062000000000000000e+03
2.027000000000000000e+03
1.954000000000000000e+03
1.875000000000000000e+03
1.844000000000000000e+03
1.804000000000000000e+03
1.736000000000000000e+03
1.642000000000000000e+03
1.574000000000000000e+03
1.507000000000000000e+03
