1.454000000000000000e+03
1.460000000000000000e+03
1.443000000000000000e+03
1.455000000000000000e+03
1.451000000000000000e+03
1.436000000000000000e+03
1.387000000000000000e+03
1.413000000000000000e+03
1.420000000000000000e+03
1.452000000000000000e+03
1.458000000000000000e+03
1.497000000000000000e+03
1.501000000000000000e+03
1.535000000000000000e+03
1.535000000000000000e+03
1.560000000000000000e+03
1.576000000000000000e+03
1.597000000000000000e+03
1.603000000000000000e+03
1.579000000000000000e+03
1.569000000000000000e+03
1.591000000000000000e+03
1.598000000000000000e+03
1.621000000000000000e+03
1.604000000000000000e+03
1.557000000000000000e+03
1.510000000000000000e+03
1.476000000000000000e+03
1.525000000000000000e+03
1.576000000000000000e+03
1.647000000000000000e+03
1.639000000000000000e+03
