6.900000000000000000e+01
7.200000000000000000e+01
7.900000000000000000e+01
8.500000000000000000e+01
9.300000000000000000e+01
9.700000000000000000e+01
9.800000000000000000e+01
1.020000000000000000e+02
1.040000000000000000e+02
1.120000000000000000e+02
1.160000000000000000e+02
1.250000000000000000e+02
1.400000000000000000e+02
1.400000000000000000e+02
1.500000000000000000e+02
1.490000000000000000e+02
1.440000000000000000e+02
1.390000000000000000e+02
1.270000000000000000e+02
1.140000000000000000e+02
1.030000000000000000e+02
9.400000000000000000e+01
8.500000000000000000e+01
7.900000000000000000e+01
8.600000000000000000e+01
1.020000000000000000e+02
1.030000000000000000e+02
1.210000000000000000e+02
1.190000000000000000e+02
1.250000000000000000e+02
1.410000000000000000e+02
1.400000000000000000e+02
