3.158800000000000000e+04
3.155000000000000000e+04
3.137600000000000000e+04
3.150900000000000000e+04
3.157800000000000000e+04
3.152500000000000000e+04
3.144400000000000000e+04
3.145400000000000000e+04
3.147400000000000000e+04
3.145400000000000000e+04
3.147100000000000000e+04
3.151500000000000000e+04
3.150900000000000000e+04
3.151900000000000000e+04
3.149100000000000000e+04
3.147200000000000000e+04
3.154200000000000000e+04
3.155300000000000000e+04
3.151400000000000000e+04
3.155500000000000000e+04
3.157500000000000000e+04
3.131200000000000000e+04
3.140100000000000000e+04
3.137100000000000000e+04
3.130000000000000000e+04
3.127100000000000000e+04
3.130200000000000000e+04
3.125200000000000000e+04
3.125500000000000000e+04
3.119500000000000000e+04
3.109900000000000000e+04
3.100000000000000000e+04
