2.213700000000000000e+04
2.214800000000000000e+04
2.207700000000000000e+04
2.220100000000000000e+04
2.234500000000000000e+04
2.233200000000000000e+04
2.231000000000000000e+04
2.231600000000000000e+04
2.237400000000000000e+04
2.236600000000000000e+04
2.237500000000000000e+04
2.241800000000000000e+04
2.244100000000000000e+04
2.241800000000000000e+04
2.239800000000000000e+04
2.234400000000000000e+04
2.240600000000000000e+04
2.236500000000000000e+04
2.230000000000000000e+04
2.228100000000000000e+04
2.226100000000000000e+04
2.195700000000000000e+04
2.199300000000000000e+04
2.187800000000000000e+04
2.181500000000000000e+04
2.175100000000000000e+04
2.172100000000000000e+04
2.163100000000000000e+04
2.155100000000000000e+04
2.138400000000000000e+04
2.115900000000000000e+04
2.103400000000000000e+04
