2.127000000000000000e+03
2.100000000000000000e+03
2.133000000000000000e+03
2.125000000000000000e+03
2.136000000000000000e+03
2.119000000000000000e+03
2.078000000000000000e+03
2.078000000000000000e+03
2.044000000000000000e+03
1.997000000000000000e+03
1.950000000000000000e+03
1.903000000000000000e+03
1.829000000000000000e+03
1.796000000000000000e+03
1.745000000000000000e+03
1.739000000000000000e+03
1.718000000000000000e+03
1.675000000000000000e+03
1.669000000000000000e+03
1.665000000000000000e+03
1.649000000000000000e+03
1.655000000000000000e+03
1.680000000000000000e+03
1.683000000000000000e+03
1.676000000000000000e+03
1.659000000000000000e+03
1.694000000000000000e+03
1.691000000000000000e+03
1.699000000000000000e+03
1.715000000000000000e+03
1.738000000000000000e+03
1.751000000000000000e+03
