2.366000000000000000e+03
2.367000000000000000e+03
2.368000000000000000e+03
2.446000000000000000e+03
2.489000000000000000e+03
2.484000000000000000e+03
2.461000000000000000e+03
2.500000000000000000e+03
2.507000000000000000e+03
2.493000000000000000e+03
2.448000000000000000e+03
2.449000000000000000e+03
2.454000000000000000e+03
2.396000000000000000e+03
2.343000000000000000e+03
2.343000000000000000e+03
2.315000000000000000e+03
2.313000000000000000e+03
2.262000000000000000e+03
2.269000000000000000e+03
2.296000000000000000e+03
2.250000000000000000e+03
2.293000000000000000e+03
2.303000000000000000e+03
2.281000000000000000e+03
2.239000000000000000e+03
2.201000000000000000e+03
2.184000000000000000e+03
2.160000000000000000e+03
2.142000000000000000e+03
2.056000000000000000e+03
1.973000000000000000e+03
