1.481000000000000000e+03
1.472000000000000000e+03
1.457000000000000000e+03
1.476000000000000000e+03
1.503000000000000000e+03
1.514000000000000000e+03
1.505000000000000000e+03
1.490000000000000000e+03
1.487000000000000000e+03
1.491000000000000000e+03
1.500000000000000000e+03
1.493000000000000000e+03
1.530000000000000000e+03
1.550000000000000000e+03
1.511000000000000000e+03
1.467000000000000000e+03
1.409000000000000000e+03
1.377000000000000000e+03
1.385000000000000000e+03
1.425000000000000000e+03
1.442000000000000000e+03
1.460000000000000000e+03
1.493000000000000000e+03
1.480000000000000000e+03
1.538000000000000000e+03
1.608000000000000000e+03
1.740000000000000000e+03
1.839000000000000000e+03
1.900000000000000000e+03
1.950000000000000000e+03
2.026000000000000000e+03
2.105000000000000000e+03
