1.565000000000000000e+03
1.588000000000000000e+03
1.603000000000000000e+03
1.591000000000000000e+03
1.659000000000000000e+03
1.730000000000000000e+03
1.852000000000000000e+03
1.938000000000000000e+03
1.987000000000000000e+03
2.024000000000000000e+03
2.085000000000000000e+03
2.181000000000000000e+03
2.234000000000000000e+03
2.312000000000000000e+03
2.347000000000000000e+03
2.432000000000000000e+03
2.448000000000000000e+03
2.492000000000000000e+03
2.497000000000000000e+03
2.528000000000000000e+03
2.484000000000000000e+03
2.469000000000000000e+03
2.461000000000000000e+03
2.466000000000000000e+03
2.450000000000000000e+03
2.464000000000000000e+03
2.477000000000000000e+03
2.452000000000000000e+03
2.424000000000000000e+03
2.436000000000000000e+03
2.466000000000000000e+03
2.469000000000000000e+03
