8.410000000000000000e+02
8.200000000000000000e+02
7.950000000000000000e+02
8.010000000000000000e+02
7.970000000000000000e+02
7.740000000000000000e+02
7.770000000000000000e+02
7.890000000000000000e+02
7.630000000000000000e+02
7.640000000000000000e+02
7.900000000000000000e+02
7.360000000000000000e+02
7.430000000000000000e+02
7.690000000000000000e+02
7.780000000000000000e+02
7.810000000000000000e+02
7.780000000000000000e+02
7.910000000000000000e+02
7.700000000000000000e+02
7.710000000000000000e+02
7.620000000000000000e+02
7.910000000000000000e+02
7.980000000000000000e+02
7.930000000000000000e+02
7.820000000000000000e+02
8.140000000000000000e+02
8.240000000000000000e+02
8.450000000000000000e+02
8.950000000000000000e+02
9.040000000000000000e+02
9.180000000000000000e+02
8.910000000000000000e+02
