1.544000000000000000e+03
1.543000000000000000e+03
1.536000000000000000e+03
1.526000000000000000e+03
1.504000000000000000e+03
1.470000000000000000e+03
1.478000000000000000e+03
1.432000000000000000e+03
1.416000000000000000e+03
1.372000000000000000e+03
1.362000000000000000e+03
1.275000000000000000e+03
1.232000000000000000e+03
1.210000000000000000e+03
1.207000000000000000e+03
1.198000000000000000e+03
1.170000000000000000e+03
1.130000000000000000e+03
1.106000000000000000e+03
1.134000000000000000e+03
1.148000000000000000e+03
1.097000000000000000e+03
1.078000000000000000e+03
1.079000000000000000e+03
1.099000000000000000e+03
1.120000000000000000e+03
1.133000000000000000e+03
1.178000000000000000e+03
1.209000000000000000e+03
1.192000000000000000e+03
1.188000000000000000e+03
1.219000000000000000e+03
