1.711000000000000000e+03
1.679000000000000000e+03
1.652000000000000000e+03
1.649000000000000000e+03
1.626000000000000000e+03
1.586000000000000000e+03
1.584000000000000000e+03
1.591000000000000000e+03
1.567000000000000000e+03
1.583000000000000000e+03
1.557000000000000000e+03
1.468000000000000000e+03
1.475000000000000000e+03
1.466000000000000000e+03
1.443000000000000000e+03
1.421000000000000000e+03
1.410000000000000000e+03
1.362000000000000000e+03
1.346000000000000000e+03
1.324000000000000000e+03
1.304000000000000000e+03
1.284000000000000000e+03
1.245000000000000000e+03
1.212000000000000000e+03
1.185000000000000000e+03
1.169000000000000000e+03
1.140000000000000000e+03
1.106000000000000000e+03
1.084000000000000000e+03
1.088000000000000000e+03
1.096000000000000000e+03
1.046000000000000000e+03
