3.174000000000000000e+03
3.087000000000000000e+03
3.016000000000000000e+03
2.988000000000000000e+03
2.931000000000000000e+03
2.914000000000000000e+03
2.870000000000000000e+03
2.823000000000000000e+03
2.773000000000000000e+03
2.732000000000000000e+03
2.719000000000000000e+03
2.512000000000000000e+03
2.475000000000000000e+03
2.457000000000000000e+03
2.434000000000000000e+03
2.419000000000000000e+03
2.386000000000000000e+03
2.388000000000000000e+03
2.359000000000000000e+03
2.355000000000000000e+03
2.334000000000000000e+03
2.325000000000000000e+03
2.305000000000000000e+03
2.299000000000000000e+03
2.276000000000000000e+03
2.299000000000000000e+03
2.305000000000000000e+03
2.343000000000000000e+03
2.359000000000000000e+03
2.374000000000000000e+03
2.390000000000000000e+03
2.394000000000000000e+03
