1.557000000000000000e+03
1.540000000000000000e+03
1.517000000000000000e+03
1.493000000000000000e+03
1.471000000000000000e+03
1.413000000000000000e+03
1.375000000000000000e+03
1.335000000000000000e+03
1.303000000000000000e+03
1.276000000000000000e+03
1.271000000000000000e+03
1.171000000000000000e+03
1.147000000000000000e+03
1.134000000000000000e+03
1.143000000000000000e+03
1.140000000000000000e+03
1.128000000000000000e+03
1.088000000000000000e+03
1.078000000000000000e+03
1.069000000000000000e+03
1.041000000000000000e+03
9.720000000000000000e+02
9.230000000000000000e+02
9.080000000000000000e+02
8.800000000000000000e+02
8.800000000000000000e+02
8.470000000000000000e+02
8.260000000000000000e+02
8.130000000000000000e+02
8.040000000000000000e+02
7.640000000000000000e+02
7.620000000000000000e+02
