2.695000000000000000e+03
2.674000000000000000e+03
2.668000000000000000e+03
2.689000000000000000e+03
2.733000000000000000e+03
2.775000000000000000e+03
2.775000000000000000e+03
2.764000000000000000e+03
2.794000000000000000e+03
2.801000000000000000e+03
2.772000000000000000e+03
2.763000000000000000e+03
2.756000000000000000e+03
2.681000000000000000e+03
2.583000000000000000e+03
2.462000000000000000e+03
2.356000000000000000e+03
2.371000000000000000e+03
2.429000000000000000e+03
2.475000000000000000e+03
2.535000000000000000e+03
2.651000000000000000e+03
2.772000000000000000e+03
2.927000000000000000e+03
3.094000000000000000e+03
3.301000000000000000e+03
3.512000000000000000e+03
3.589000000000000000e+03
3.672000000000000000e+03
3.766000000000000000e+03
3.870000000000000000e+03
3.906000000000000000e+03
