2.357000000000000000e+03
2.295000000000000000e+03
2.230000000000000000e+03
2.213000000000000000e+03
2.101000000000000000e+03
2.103000000000000000e+03
2.042000000000000000e+03
2.003000000000000000e+03
1.988000000000000000e+03
1.968000000000000000e+03
1.921000000000000000e+03
1.928000000000000000e+03
1.957000000000000000e+03
1.924000000000000000e+03
1.944000000000000000e+03
1.957000000000000000e+03
1.953000000000000000e+03
1.957000000000000000e+03
1.962000000000000000e+03
1.999000000000000000e+03
2.045000000000000000e+03
2.034000000000000000e+03
2.063000000000000000e+03
2.108000000000000000e+03
2.164000000000000000e+03
2.178000000000000000e+03
2.199000000000000000e+03
2.217000000000000000e+03
2.246000000000000000e+03
2.265000000000000000e+03
2.319000000000000000e+03
2.406000000000000000e+03
