6.387000000000000000e+03
6.491000000000000000e+03
6.607000000000000000e+03
6.759000000000000000e+03
7.023000000000000000e+03
7.129000000000000000e+03
7.256000000000000000e+03
7.385000000000000000e+03
7.441000000000000000e+03
7.551000000000000000e+03
7.630000000000000000e+03
7.705000000000000000e+03
7.799000000000000000e+03
7.918000000000000000e+03
8.033000000000000000e+03
8.156000000000000000e+03
8.255000000000000000e+03
8.401000000000000000e+03
8.496000000000000000e+03
8.579000000000000000e+03
8.646000000000000000e+03
8.645000000000000000e+03
8.719000000000000000e+03
8.754000000000000000e+03
8.775000000000000000e+03
8.790000000000000000e+03
8.791000000000000000e+03
8.847000000000000000e+03
8.909000000000000000e+03
9.046000000000000000e+03
9.156000000000000000e+03
9.393000000000000000e+03
