3.314000000000000000e+03
3.338000000000000000e+03
3.421000000000000000e+03
3.497000000000000000e+03
3.604000000000000000e+03
3.686000000000000000e+03
3.730000000000000000e+03
3.732000000000000000e+03
3.739000000000000000e+03
3.760000000000000000e+03
3.774000000000000000e+03
3.795000000000000000e+03
3.810000000000000000e+03
3.819000000000000000e+03
3.800000000000000000e+03
3.824000000000000000e+03
3.850000000000000000e+03
3.856000000000000000e+03
3.842000000000000000e+03
3.850000000000000000e+03
3.878000000000000000e+03
3.829000000000000000e+03
3.854000000000000000e+03
3.831000000000000000e+03
3.790000000000000000e+03
3.752000000000000000e+03
3.620000000000000000e+03
3.543000000000000000e+03
3.571000000000000000e+03
3.485000000000000000e+03
3.509000000000000000e+03
3.511000000000000000e+03
