4.720000000000000000e+02
4.430000000000000000e+02
4.040000000000000000e+02
3.940000000000000000e+02
4.290000000000000000e+02
4.850000000000000000e+02
5.600000000000000000e+02
6.510000000000000000e+02
7.240000000000000000e+02
7.980000000000000000e+02
8.680000000000000000e+02
9.520000000000000000e+02
1.044000000000000000e+03
1.097000000000000000e+03
1.115000000000000000e+03
1.133000000000000000e+03
1.127000000000000000e+03
1.186000000000000000e+03
1.204000000000000000e+03
1.207000000000000000e+03
1.239000000000000000e+03
1.226000000000000000e+03
1.213000000000000000e+03
1.199000000000000000e+03
1.228000000000000000e+03
1.249000000000000000e+03
1.313000000000000000e+03
1.310000000000000000e+03
1.320000000000000000e+03
1.355000000000000000e+03
1.346000000000000000e+03
1.376000000000000000e+03
