1.150000000000000000e+03
1.257000000000000000e+03
1.356000000000000000e+03
1.439000000000000000e+03
1.503000000000000000e+03
1.521000000000000000e+03
1.540000000000000000e+03
1.589000000000000000e+03
1.624000000000000000e+03
1.636000000000000000e+03
1.672000000000000000e+03
1.657000000000000000e+03
1.648000000000000000e+03
1.643000000000000000e+03
1.663000000000000000e+03
1.681000000000000000e+03
1.752000000000000000e+03
1.747000000000000000e+03
1.760000000000000000e+03
1.789000000000000000e+03
1.773000000000000000e+03
1.779000000000000000e+03
1.839000000000000000e+03
1.892000000000000000e+03
1.920000000000000000e+03
1.939000000000000000e+03
1.924000000000000000e+03
1.951000000000000000e+03
1.936000000000000000e+03
1.930000000000000000e+03
1.980000000000000000e+03
2.016000000000000000e+03
