3.696000000000000000e+03
3.685000000000000000e+03
3.665000000000000000e+03
3.672000000000000000e+03
3.607000000000000000e+03
3.700000000000000000e+03
3.667000000000000000e+03
3.670000000000000000e+03
3.625000000000000000e+03
3.630000000000000000e+03
3.637000000000000000e+03
3.679000000000000000e+03
3.659000000000000000e+03
3.612000000000000000e+03
3.607000000000000000e+03
3.526000000000000000e+03
3.565000000000000000e+03
3.580000000000000000e+03
3.588000000000000000e+03
3.625000000000000000e+03
3.747000000000000000e+03
3.741000000000000000e+03
3.835000000000000000e+03
3.922000000000000000e+03
4.010000000000000000e+03
4.114000000000000000e+03
4.182000000000000000e+03
4.229000000000000000e+03
4.251000000000000000e+03
4.303000000000000000e+03
4.294000000000000000e+03
4.342000000000000000e+03
