8.280000000000000000e+02
7.900000000000000000e+02
7.400000000000000000e+02
7.030000000000000000e+02
7.170000000000000000e+02
7.630000000000000000e+02
8.300000000000000000e+02
8.790000000000000000e+02
9.350000000000000000e+02
1.006000000000000000e+03
1.103000000000000000e+03
1.180000000000000000e+03
1.274000000000000000e+03
1.318000000000000000e+03
1.366000000000000000e+03
1.386000000000000000e+03
1.408000000000000000e+03
1.450000000000000000e+03
1.487000000000000000e+03
1.550000000000000000e+03
1.581000000000000000e+03
1.620000000000000000e+03
1.652000000000000000e+03
1.712000000000000000e+03
1.771000000000000000e+03
1.841000000000000000e+03
1.896000000000000000e+03
2.005000000000000000e+03
2.038000000000000000e+03
2.029000000000000000e+03
2.046000000000000000e+03
2.039000000000000000e+03
