4.258000000000000000e+03
4.241000000000000000e+03
4.274000000000000000e+03
4.356000000000000000e+03
4.208000000000000000e+03
4.107000000000000000e+03
4.004000000000000000e+03
3.967000000000000000e+03
4.013000000000000000e+03
4.010000000000000000e+03
4.028000000000000000e+03
4.081000000000000000e+03
4.137000000000000000e+03
4.162000000000000000e+03
4.291000000000000000e+03
4.467000000000000000e+03
4.663000000000000000e+03
4.775000000000000000e+03
4.815000000000000000e+03
4.893000000000000000e+03
4.957000000000000000e+03
5.079000000000000000e+03
5.122000000000000000e+03
5.217000000000000000e+03
5.259000000000000000e+03
5.349000000000000000e+03
5.308000000000000000e+03
5.393000000000000000e+03
5.449000000000000000e+03
5.439000000000000000e+03
5.411000000000000000e+03
5.389000000000000000e+03
