5.817000000000000000e+03
5.771000000000000000e+03
5.652000000000000000e+03
5.685000000000000000e+03
5.652000000000000000e+03
5.592000000000000000e+03
5.619000000000000000e+03
5.646000000000000000e+03
5.597000000000000000e+03
5.627000000000000000e+03
5.594000000000000000e+03
5.626000000000000000e+03
5.660000000000000000e+03
5.687000000000000000e+03
5.760000000000000000e+03
5.790000000000000000e+03
5.815000000000000000e+03
5.892000000000000000e+03
5.888000000000000000e+03
5.906000000000000000e+03
5.960000000000000000e+03
6.002000000000000000e+03
6.034000000000000000e+03
6.064000000000000000e+03
6.066000000000000000e+03
6.079000000000000000e+03
6.031000000000000000e+03
5.991000000000000000e+03
5.996000000000000000e+03
6.005000000000000000e+03
6.048000000000000000e+03
6.063000000000000000e+03
