1.269000000000000000e+03
1.262000000000000000e+03
1.246000000000000000e+03
1.232000000000000000e+03
1.207000000000000000e+03
1.171000000000000000e+03
1.154000000000000000e+03
1.145000000000000000e+03
1.102000000000000000e+03
1.089000000000000000e+03
1.098000000000000000e+03
1.106000000000000000e+03
1.097000000000000000e+03
1.102000000000000000e+03
1.070000000000000000e+03
1.034000000000000000e+03
1.000000000000000000e+03
9.780000000000000000e+02
9.690000000000000000e+02
9.510000000000000000e+02
9.240000000000000000e+02
8.770000000000000000e+02
8.640000000000000000e+02
8.360000000000000000e+02
8.260000000000000000e+02
8.350000000000000000e+02
8.450000000000000000e+02
8.500000000000000000e+02
8.490000000000000000e+02
8.300000000000000000e+02
8.280000000000000000e+02
8.280000000000000000e+02
