1.368000000000000000e+03
1.334000000000000000e+03
1.320000000000000000e+03
1.304000000000000000e+03
1.309000000000000000e+03
1.284000000000000000e+03
1.275000000000000000e+03
1.255000000000000000e+03
1.266000000000000000e+03
1.251000000000000000e+03
1.253000000000000000e+03
1.253000000000000000e+03
1.235000000000000000e+03
1.222000000000000000e+03
1.204000000000000000e+03
1.183000000000000000e+03
1.170000000000000000e+03
1.167000000000000000e+03
1.120000000000000000e+03
1.109000000000000000e+03
1.111000000000000000e+03
1.112000000000000000e+03
1.087000000000000000e+03
1.110000000000000000e+03
1.067000000000000000e+03
1.030000000000000000e+03
9.660000000000000000e+02
9.550000000000000000e+02
9.360000000000000000e+02
9.380000000000000000e+02
8.710000000000000000e+02
8.650000000000000000e+02
