1.282000000000000000e+03
1.318000000000000000e+03
1.322000000000000000e+03
1.340000000000000000e+03
1.358000000000000000e+03
1.365000000000000000e+03
1.371000000000000000e+03
1.355000000000000000e+03
1.356000000000000000e+03
1.389000000000000000e+03
1.376000000000000000e+03
1.354000000000000000e+03
1.377000000000000000e+03
1.403000000000000000e+03
1.395000000000000000e+03
1.411000000000000000e+03
1.417000000000000000e+03
1.425000000000000000e+03
1.414000000000000000e+03
1.408000000000000000e+03
1.424000000000000000e+03
1.455000000000000000e+03
1.445000000000000000e+03
1.451000000000000000e+03
1.469000000000000000e+03
1.465000000000000000e+03
1.468000000000000000e+03
1.478000000000000000e+03
1.486000000000000000e+03
1.481000000000000000e+03
1.475000000000000000e+03
1.455000000000000000e+03
