1.363000000000000000e+03
1.333000000000000000e+03
1.326000000000000000e+03
1.324000000000000000e+03
1.323000000000000000e+03
1.340000000000000000e+03
1.343000000000000000e+03
1.326000000000000000e+03
1.314000000000000000e+03
1.322000000000000000e+03
1.330000000000000000e+03
1.325000000000000000e+03
1.329000000000000000e+03
1.326000000000000000e+03
1.337000000000000000e+03
1.341000000000000000e+03
1.347000000000000000e+03
1.362000000000000000e+03
1.370000000000000000e+03
1.351000000000000000e+03
1.333000000000000000e+03
1.267000000000000000e+03
1.266000000000000000e+03
1.242000000000000000e+03
1.251000000000000000e+03
1.205000000000000000e+03
1.199000000000000000e+03
1.172000000000000000e+03
1.195000000000000000e+03
1.185000000000000000e+03
1.191000000000000000e+03
1.200000000000000000e+03
