1.072000000000000000e+03
1.075000000000000000e+03
1.088000000000000000e+03
1.072000000000000000e+03
1.091000000000000000e+03
1.120000000000000000e+03
1.175000000000000000e+03
1.218000000000000000e+03
1.218000000000000000e+03
1.220000000000000000e+03
1.255000000000000000e+03
1.292000000000000000e+03
1.292000000000000000e+03
1.302000000000000000e+03
1.319000000000000000e+03
1.329000000000000000e+03
1.337000000000000000e+03
1.328000000000000000e+03
1.344000000000000000e+03
1.386000000000000000e+03
1.373000000000000000e+03
1.356000000000000000e+03
1.372000000000000000e+03
1.404000000000000000e+03
1.408000000000000000e+03
1.419000000000000000e+03
1.411000000000000000e+03
1.410000000000000000e+03
1.400000000000000000e+03
1.389000000000000000e+03
1.382000000000000000e+03
1.425000000000000000e+03
