1.405000000000000000e+03
1.382000000000000000e+03
1.396000000000000000e+03
1.418000000000000000e+03
1.414000000000000000e+03
1.421000000000000000e+03
1.416000000000000000e+03
1.411000000000000000e+03
1.405000000000000000e+03
1.398000000000000000e+03
1.394000000000000000e+03
1.421000000000000000e+03
1.412000000000000000e+03
1.435000000000000000e+03
1.447000000000000000e+03
1.451000000000000000e+03
1.464000000000000000e+03
1.479000000000000000e+03
1.479000000000000000e+03
1.478000000000000000e+03
1.502000000000000000e+03
1.468000000000000000e+03
1.482000000000000000e+03
1.465000000000000000e+03
1.426000000000000000e+03
1.404000000000000000e+03
1.388000000000000000e+03
1.344000000000000000e+03
1.329000000000000000e+03
1.301000000000000000e+03
1.281000000000000000e+03
1.260000000000000000e+03
