9.820000000000000000e+02
1.007000000000000000e+03
1.001000000000000000e+03
1.017000000000000000e+03
1.005000000000000000e+03
9.830000000000000000e+02
9.610000000000000000e+02
9.380000000000000000e+02
9.420000000000000000e+02
9.360000000000000000e+02
9.050000000000000000e+02
8.940000000000000000e+02
8.920000000000000000e+02
8.660000000000000000e+02
8.730000000000000000e+02
8.800000000000000000e+02
8.660000000000000000e+02
8.470000000000000000e+02
8.520000000000000000e+02
8.670000000000000000e+02
9.000000000000000000e+02
9.130000000000000000e+02
9.160000000000000000e+02
9.360000000000000000e+02
9.260000000000000000e+02
9.260000000000000000e+02
9.060000000000000000e+02
9.070000000000000000e+02
9.300000000000000000e+02
9.370000000000000000e+02
9.030000000000000000e+02
9.120000000000000000e+02
