3.880000000000000000e+02
4.130000000000000000e+02
4.450000000000000000e+02
4.620000000000000000e+02
4.890000000000000000e+02
4.890000000000000000e+02
5.120000000000000000e+02
5.170000000000000000e+02
5.410000000000000000e+02
5.410000000000000000e+02
5.400000000000000000e+02
5.340000000000000000e+02
5.380000000000000000e+02
5.320000000000000000e+02
5.380000000000000000e+02
5.490000000000000000e+02
5.360000000000000000e+02
5.470000000000000000e+02
5.440000000000000000e+02
5.470000000000000000e+02
5.420000000000000000e+02
5.610000000000000000e+02
5.580000000000000000e+02
5.670000000000000000e+02
5.740000000000000000e+02
5.680000000000000000e+02
5.770000000000000000e+02
5.820000000000000000e+02
5.970000000000000000e+02
5.900000000000000000e+02
5.930000000000000000e+02
5.880000000000000000e+02
