1.240000000000000000e+02
1.200000000000000000e+02
1.270000000000000000e+02
1.280000000000000000e+02
1.270000000000000000e+02
1.240000000000000000e+02
1.260000000000000000e+02
1.000000000000000000e+02
9.700000000000000000e+01
8.500000000000000000e+01
8.000000000000000000e+01
7.700000000000000000e+01
7.500000000000000000e+01
6.900000000000000000e+01
7.800000000000000000e+01
8.400000000000000000e+01
9.000000000000000000e+01
1.020000000000000000e+02
1.030000000000000000e+02
1.220000000000000000e+02
1.470000000000000000e+02
1.650000000000000000e+02
1.830000000000000000e+02
2.130000000000000000e+02
2.410000000000000000e+02
2.460000000000000000e+02
2.650000000000000000e+02
2.550000000000000000e+02
2.730000000000000000e+02
2.720000000000000000e+02
2.640000000000000000e+02
2.580000000000000000e+02
