9.170000000000000000e+02
9.430000000000000000e+02
9.720000000000000000e+02
9.760000000000000000e+02
1.002000000000000000e+03
1.042000000000000000e+03
1.102000000000000000e+03
1.140000000000000000e+03
1.167000000000000000e+03
1.197000000000000000e+03
1.212000000000000000e+03
1.233000000000000000e+03
1.233000000000000000e+03
1.253000000000000000e+03
1.244000000000000000e+03
1.271000000000000000e+03
1.271000000000000000e+03
1.300000000000000000e+03
1.304000000000000000e+03
1.314000000000000000e+03
1.321000000000000000e+03
1.351000000000000000e+03
1.330000000000000000e+03
1.351000000000000000e+03
1.398000000000000000e+03
1.429000000000000000e+03
1.427000000000000000e+03
1.411000000000000000e+03
1.406000000000000000e+03
1.391000000000000000e+03
1.408000000000000000e+03
1.403000000000000000e+03
