1.218900000000000000e+04
1.225200000000000000e+04
1.230400000000000000e+04
1.231400000000000000e+04
1.237000000000000000e+04
1.243100000000000000e+04
1.244800000000000000e+04
1.248400000000000000e+04
1.253200000000000000e+04
1.261600000000000000e+04
1.268900000000000000e+04
1.276300000000000000e+04
1.277700000000000000e+04
1.277400000000000000e+04
1.283500000000000000e+04
1.283800000000000000e+04
1.287000000000000000e+04
1.287900000000000000e+04
1.295100000000000000e+04
1.305400000000000000e+04
1.310900000000000000e+04
1.327100000000000000e+04
1.325000000000000000e+04
1.327500000000000000e+04
1.330600000000000000e+04
1.339000000000000000e+04
1.342800000000000000e+04
1.346000000000000000e+04
1.344400000000000000e+04
1.340600000000000000e+04
1.332500000000000000e+04
1.324500000000000000e+04
