1.206000000000000000e+03
1.289000000000000000e+03
1.333000000000000000e+03
1.384000000000000000e+03
1.408000000000000000e+03
1.419000000000000000e+03
1.360000000000000000e+03
1.378000000000000000e+03
1.380000000000000000e+03
1.415000000000000000e+03
1.422000000000000000e+03
1.423000000000000000e+03
1.429000000000000000e+03
1.454000000000000000e+03
1.483000000000000000e+03
1.574000000000000000e+03
1.632000000000000000e+03
1.704000000000000000e+03
1.767000000000000000e+03
1.819000000000000000e+03
1.872000000000000000e+03
1.937000000000000000e+03
1.964000000000000000e+03
1.995000000000000000e+03
2.034000000000000000e+03
2.017000000000000000e+03
2.033000000000000000e+03
2.045000000000000000e+03
2.061000000000000000e+03
2.035000000000000000e+03
2.011000000000000000e+03
1.971000000000000000e+03
