1.474000000000000000e+03
1.480000000000000000e+03
1.495000000000000000e+03
1.508000000000000000e+03
1.540000000000000000e+03
1.632000000000000000e+03
1.698000000000000000e+03
1.785000000000000000e+03
1.838000000000000000e+03
1.898000000000000000e+03
1.948000000000000000e+03
2.002000000000000000e+03
2.026000000000000000e+03
2.049000000000000000e+03
2.086000000000000000e+03
2.071000000000000000e+03
2.087000000000000000e+03
2.089000000000000000e+03
2.092000000000000000e+03
2.082000000000000000e+03
2.083000000000000000e+03
2.036000000000000000e+03
2.018000000000000000e+03
1.975000000000000000e+03
1.961000000000000000e+03
1.923000000000000000e+03
1.925000000000000000e+03
1.914000000000000000e+03
1.870000000000000000e+03
1.834000000000000000e+03
1.828000000000000000e+03
1.832000000000000000e+03
