2.184000000000000000e+03
2.134000000000000000e+03
2.114000000000000000e+03
2.071000000000000000e+03
2.032000000000000000e+03
2.006000000000000000e+03
2.004000000000000000e+03
1.970000000000000000e+03
1.897000000000000000e+03
1.867000000000000000e+03
1.859000000000000000e+03
1.871000000000000000e+03
1.871000000000000000e+03
1.868000000000000000e+03
1.814000000000000000e+03
1.791000000000000000e+03
1.779000000000000000e+03
1.751000000000000000e+03
1.759000000000000000e+03
1.769000000000000000e+03
1.757000000000000000e+03
1.736000000000000000e+03
1.711000000000000000e+03
1.695000000000000000e+03
1.699000000000000000e+03
1.677000000000000000e+03
1.632000000000000000e+03
1.627000000000000000e+03
1.660000000000000000e+03
1.624000000000000000e+03
1.598000000000000000e+03
1.595000000000000000e+03
