2.027000000000000000e+03
2.039000000000000000e+03
2.034000000000000000e+03
2.068000000000000000e+03
2.079000000000000000e+03
2.052000000000000000e+03
2.044000000000000000e+03
2.039000000000000000e+03
2.046000000000000000e+03
2.029000000000000000e+03
2.010000000000000000e+03
1.963000000000000000e+03
1.955000000000000000e+03
1.922000000000000000e+03
1.894000000000000000e+03
1.883000000000000000e+03
1.815000000000000000e+03
1.758000000000000000e+03
1.734000000000000000e+03
1.685000000000000000e+03
1.652000000000000000e+03
1.400000000000000000e+03
1.274000000000000000e+03
1.251000000000000000e+03
1.236000000000000000e+03
1.214000000000000000e+03
1.179000000000000000e+03
1.184000000000000000e+03
1.159000000000000000e+03
1.124000000000000000e+03
1.049000000000000000e+03
1.029000000000000000e+03
