3.808000000000000000e+03
3.804000000000000000e+03
3.804000000000000000e+03
3.784000000000000000e+03
3.788000000000000000e+03
3.772000000000000000e+03
3.796000000000000000e+03
3.775000000000000000e+03
3.790000000000000000e+03
3.778000000000000000e+03
3.784000000000000000e+03
3.754000000000000000e+03
3.758000000000000000e+03
3.767000000000000000e+03
3.777000000000000000e+03
3.761000000000000000e+03
3.818000000000000000e+03
3.824000000000000000e+03
3.849000000000000000e+03
3.859000000000000000e+03
3.885000000000000000e+03
3.923000000000000000e+03
3.955000000000000000e+03
3.994000000000000000e+03
4.019000000000000000e+03
4.034000000000000000e+03
4.052000000000000000e+03
4.059000000000000000e+03
4.078000000000000000e+03
4.066000000000000000e+03
4.098000000000000000e+03
4.124000000000000000e+03
