1.007000000000000000e+03
1.006000000000000000e+03
1.010000000000000000e+03
1.031000000000000000e+03
1.006000000000000000e+03
9.740000000000000000e+02
9.600000000000000000e+02
9.720000000000000000e+02
9.830000000000000000e+02
9.830000000000000000e+02
9.650000000000000000e+02
9.740000000000000000e+02
9.610000000000000000e+02
9.700000000000000000e+02
1.014000000000000000e+03
1.069000000000000000e+03
1.137000000000000000e+03
1.167000000000000000e+03
1.202000000000000000e+03
1.249000000000000000e+03
1.293000000000000000e+03
1.323000000000000000e+03
1.391000000000000000e+03
1.423000000000000000e+03
1.459000000000000000e+03
1.488000000000000000e+03
1.506000000000000000e+03
1.525000000000000000e+03
1.553000000000000000e+03
1.573000000000000000e+03
1.566000000000000000e+03
1.560000000000000000e+03
