1.328700000000000000e+04
1.331600000000000000e+04
1.337200000000000000e+04
1.343100000000000000e+04
1.345700000000000000e+04
1.353000000000000000e+04
1.360300000000000000e+04
1.367700000000000000e+04
1.376700000000000000e+04
1.385100000000000000e+04
1.389700000000000000e+04
1.388900000000000000e+04
1.394500000000000000e+04
1.399200000000000000e+04
1.404100000000000000e+04
1.405700000000000000e+04
1.408300000000000000e+04
1.413700000000000000e+04
1.420200000000000000e+04
1.420100000000000000e+04
1.423500000000000000e+04
1.410300000000000000e+04
1.412900000000000000e+04
1.418100000000000000e+04
1.423400000000000000e+04
1.432700000000000000e+04
1.436900000000000000e+04
1.438900000000000000e+04
1.436300000000000000e+04
1.443400000000000000e+04
1.442400000000000000e+04
1.439500000000000000e+04
