1.561000000000000000e+03
1.571000000000000000e+03
1.587000000000000000e+03
1.585000000000000000e+03
1.608000000000000000e+03
1.605000000000000000e+03
1.605000000000000000e+03
1.609000000000000000e+03
1.635000000000000000e+03
1.619000000000000000e+03
1.616000000000000000e+03
1.610000000000000000e+03
1.621000000000000000e+03
1.630000000000000000e+03
1.608000000000000000e+03
1.519000000000000000e+03
1.501000000000000000e+03
1.491000000000000000e+03
1.431000000000000000e+03
1.443000000000000000e+03
1.446000000000000000e+03
1.418000000000000000e+03
1.393000000000000000e+03
1.386000000000000000e+03
1.351000000000000000e+03
1.406000000000000000e+03
1.425000000000000000e+03
1.444000000000000000e+03
1.462000000000000000e+03
1.438000000000000000e+03
1.449000000000000000e+03
1.445000000000000000e+03
