1.595000000000000000e+03
1.594000000000000000e+03
1.610000000000000000e+03
1.604000000000000000e+03
1.578000000000000000e+03
1.525000000000000000e+03
1.508000000000000000e+03
1.487000000000000000e+03
1.424000000000000000e+03
1.439000000000000000e+03
1.446000000000000000e+03
1.417000000000000000e+03
1.382000000000000000e+03
1.385000000000000000e+03
1.348000000000000000e+03
1.415000000000000000e+03
1.438000000000000000e+03
1.452000000000000000e+03
1.465000000000000000e+03
1.435000000000000000e+03
1.440000000000000000e+03
1.422000000000000000e+03
1.455000000000000000e+03
1.465000000000000000e+03
1.521000000000000000e+03
1.517000000000000000e+03
1.515000000000000000e+03
1.537000000000000000e+03
1.549000000000000000e+03
1.577000000000000000e+03
1.595000000000000000e+03
1.614000000000000000e+03
