1.988700000000000000e+04
1.977400000000000000e+04
1.944600000000000000e+04
1.916900000000000000e+04
1.893700000000000000e+04
1.867200000000000000e+04
1.841000000000000000e+04
1.819400000000000000e+04
1.794900000000000000e+04
1.752100000000000000e+04
1.715700000000000000e+04
1.660000000000000000e+04
1.629900000000000000e+04
1.597000000000000000e+04
1.570000000000000000e+04
1.540300000000000000e+04
1.533200000000000000e+04
1.503600000000000000e+04
1.479000000000000000e+04
1.479300000000000000e+04
1.465300000000000000e+04
1.457500000000000000e+04
1.454800000000000000e+04
1.444100000000000000e+04
1.435500000000000000e+04
1.449700000000000000e+04
1.453100000000000000e+04
1.445800000000000000e+04
1.447300000000000000e+04
1.442100000000000000e+04
1.449000000000000000e+04
1.446400000000000000e+04
