4.239000000000000000e+03
4.023000000000000000e+03
3.855000000000000000e+03
3.761000000000000000e+03
3.825000000000000000e+03
4.018000000000000000e+03
4.270000000000000000e+03
4.608000000000000000e+03
5.037000000000000000e+03
5.381000000000000000e+03
5.755000000000000000e+03
6.177000000000000000e+03
6.552000000000000000e+03
6.881000000000000000e+03
7.007000000000000000e+03
7.251000000000000000e+03
7.516000000000000000e+03
7.735000000000000000e+03
7.770000000000000000e+03
7.977000000000000000e+03
8.233000000000000000e+03
8.174000000000000000e+03
8.266000000000000000e+03
8.336000000000000000e+03
8.469000000000000000e+03
8.620000000000000000e+03
8.756000000000000000e+03
8.885000000000000000e+03
9.019000000000000000e+03
9.095000000000000000e+03
9.266000000000000000e+03
9.354000000000000000e+03
