5.203000000000000000e+04
5.116900000000000000e+04
5.034900000000000000e+04
4.962600000000000000e+04
4.897100000000000000e+04
4.861400000000000000e+04
4.810200000000000000e+04
4.758300000000000000e+04
4.711100000000000000e+04
4.662500000000000000e+04
4.604600000000000000e+04
4.535500000000000000e+04
4.504400000000000000e+04
4.476300000000000000e+04
4.450600000000000000e+04
4.434200000000000000e+04
4.441600000000000000e+04
4.430300000000000000e+04
4.433000000000000000e+04
4.449800000000000000e+04
4.464600000000000000e+04
4.511100000000000000e+04
4.586300000000000000e+04
4.648200000000000000e+04
4.699700000000000000e+04
4.781400000000000000e+04
4.849400000000000000e+04
4.890900000000000000e+04
4.955100000000000000e+04
4.997600000000000000e+04
5.078500000000000000e+04
5.119700000000000000e+04
