2.356600000000000000e+04
2.314100000000000000e+04
2.264400000000000000e+04
2.221800000000000000e+04
2.182800000000000000e+04
2.141800000000000000e+04
2.082200000000000000e+04
2.036100000000000000e+04
2.004700000000000000e+04
1.976300000000000000e+04
1.959400000000000000e+04
1.960000000000000000e+04
1.941700000000000000e+04
1.912600000000000000e+04
1.895900000000000000e+04
1.864800000000000000e+04
1.843600000000000000e+04
1.825700000000000000e+04
1.809800000000000000e+04
1.766000000000000000e+04
1.730100000000000000e+04
1.730000000000000000e+04
1.746600000000000000e+04
1.678800000000000000e+04
1.704100000000000000e+04
1.629900000000000000e+04
1.654800000000000000e+04
1.583300000000000000e+04
1.640000000000000000e+04
1.583000000000000000e+04
1.700600000000000000e+04
1.600200000000000000e+04
