9.750000000000000000e+02
1.031000000000000000e+03
1.059000000000000000e+03
1.087000000000000000e+03
1.082000000000000000e+03
1.076000000000000000e+03
1.058000000000000000e+03
1.066000000000000000e+03
1.091000000000000000e+03
1.097000000000000000e+03
1.119000000000000000e+03
1.093000000000000000e+03
1.094000000000000000e+03
1.087000000000000000e+03
1.115000000000000000e+03
1.154000000000000000e+03
1.190000000000000000e+03
1.251000000000000000e+03
1.256000000000000000e+03
1.271000000000000000e+03
1.303000000000000000e+03
1.392000000000000000e+03
1.374000000000000000e+03
1.382000000000000000e+03
1.361000000000000000e+03
1.359000000000000000e+03
1.388000000000000000e+03
1.383000000000000000e+03
1.399000000000000000e+03
1.400000000000000000e+03
1.399000000000000000e+03
1.399000000000000000e+03
