1.307000000000000000e+03
1.320000000000000000e+03
1.311000000000000000e+03
1.297000000000000000e+03
1.279000000000000000e+03
1.249000000000000000e+03
1.262000000000000000e+03
1.232000000000000000e+03
1.232000000000000000e+03
1.195000000000000000e+03
1.208000000000000000e+03
1.166000000000000000e+03
1.160000000000000000e+03
1.152000000000000000e+03
1.129000000000000000e+03
1.114000000000000000e+03
1.118000000000000000e+03
1.129000000000000000e+03
1.115000000000000000e+03
1.098000000000000000e+03
1.075000000000000000e+03
1.031000000000000000e+03
9.420000000000000000e+02
9.870000000000000000e+02
9.320000000000000000e+02
9.460000000000000000e+02
9.020000000000000000e+02
9.190000000000000000e+02
8.690000000000000000e+02
8.970000000000000000e+02
8.360000000000000000e+02
8.560000000000000000e+02
