2.660000000000000000e+03
2.685000000000000000e+03
2.709000000000000000e+03
2.722000000000000000e+03
2.738000000000000000e+03
2.771000000000000000e+03
2.794000000000000000e+03
2.818000000000000000e+03
2.851000000000000000e+03
2.865000000000000000e+03
2.893000000000000000e+03
2.864000000000000000e+03
2.881000000000000000e+03
2.908000000000000000e+03
2.921000000000000000e+03
2.922000000000000000e+03
2.938000000000000000e+03
2.946000000000000000e+03
2.978000000000000000e+03
2.993000000000000000e+03
3.009000000000000000e+03
3.163000000000000000e+03
3.205000000000000000e+03
3.240000000000000000e+03
3.273000000000000000e+03
3.270000000000000000e+03
3.281000000000000000e+03
3.294000000000000000e+03
3.341000000000000000e+03
3.362000000000000000e+03
3.390000000000000000e+03
3.422000000000000000e+03
