1.387000000000000000e+03
1.409000000000000000e+03
1.416000000000000000e+03
1.429000000000000000e+03
1.434000000000000000e+03
1.419000000000000000e+03
1.400000000000000000e+03
1.404000000000000000e+03
1.403000000000000000e+03
1.422000000000000000e+03
1.425000000000000000e+03
1.395000000000000000e+03
1.423000000000000000e+03
1.403000000000000000e+03
1.403000000000000000e+03
1.446000000000000000e+03
1.456000000000000000e+03
1.462000000000000000e+03
1.474000000000000000e+03
1.475000000000000000e+03
1.481000000000000000e+03
1.437000000000000000e+03
1.406000000000000000e+03
1.402000000000000000e+03
1.389000000000000000e+03
1.358000000000000000e+03
1.320000000000000000e+03
1.314000000000000000e+03
1.284000000000000000e+03
1.261000000000000000e+03
1.233000000000000000e+03
1.227000000000000000e+03
