3.183000000000000000e+03
3.140000000000000000e+03
3.096000000000000000e+03
3.039000000000000000e+03
2.985000000000000000e+03
2.966000000000000000e+03
2.927000000000000000e+03
2.905000000000000000e+03
2.863000000000000000e+03
2.831000000000000000e+03
2.792000000000000000e+03
2.743000000000000000e+03
2.720000000000000000e+03
2.686000000000000000e+03
2.683000000000000000e+03
2.650000000000000000e+03
2.620000000000000000e+03
2.581000000000000000e+03
2.572000000000000000e+03
2.535000000000000000e+03
2.513000000000000000e+03
2.577000000000000000e+03
2.564000000000000000e+03
2.541000000000000000e+03
2.561000000000000000e+03
2.551000000000000000e+03
2.550000000000000000e+03
2.520000000000000000e+03
2.534000000000000000e+03
2.503000000000000000e+03
2.510000000000000000e+03
2.487000000000000000e+03
