1.548000000000000000e+03
1.511000000000000000e+03
1.484000000000000000e+03
1.476000000000000000e+03
1.476000000000000000e+03
1.451000000000000000e+03
1.405000000000000000e+03
1.384000000000000000e+03
1.351000000000000000e+03
1.328000000000000000e+03
1.296000000000000000e+03
1.305000000000000000e+03
1.290000000000000000e+03
1.294000000000000000e+03
1.276000000000000000e+03
1.244000000000000000e+03
1.250000000000000000e+03
1.232000000000000000e+03
1.224000000000000000e+03
1.182000000000000000e+03
1.185000000000000000e+03
1.032000000000000000e+03
9.740000000000000000e+02
9.730000000000000000e+02
9.340000000000000000e+02
9.260000000000000000e+02
9.080000000000000000e+02
9.140000000000000000e+02
9.200000000000000000e+02
9.160000000000000000e+02
8.770000000000000000e+02
8.530000000000000000e+02
