7.800000000000000000e+02
7.920000000000000000e+02
7.810000000000000000e+02
7.650000000000000000e+02
7.840000000000000000e+02
7.710000000000000000e+02
7.540000000000000000e+02
7.500000000000000000e+02
7.430000000000000000e+02
7.410000000000000000e+02
7.250000000000000000e+02
7.330000000000000000e+02
7.500000000000000000e+02
7.380000000000000000e+02
7.310000000000000000e+02
7.270000000000000000e+02
7.350000000000000000e+02
7.290000000000000000e+02
7.250000000000000000e+02
7.170000000000000000e+02
7.390000000000000000e+02
7.090000000000000000e+02
6.850000000000000000e+02
6.820000000000000000e+02
6.800000000000000000e+02
6.840000000000000000e+02
6.910000000000000000e+02
6.900000000000000000e+02
7.300000000000000000e+02
7.460000000000000000e+02
7.570000000000000000e+02
7.810000000000000000e+02
