7.840000000000000000e+02
7.990000000000000000e+02
8.120000000000000000e+02
8.250000000000000000e+02
8.170000000000000000e+02
8.420000000000000000e+02
8.550000000000000000e+02
8.520000000000000000e+02
8.270000000000000000e+02
8.220000000000000000e+02
8.260000000000000000e+02
8.100000000000000000e+02
8.300000000000000000e+02
8.110000000000000000e+02
8.030000000000000000e+02
8.020000000000000000e+02
7.900000000000000000e+02
7.990000000000000000e+02
8.100000000000000000e+02
8.490000000000000000e+02
8.630000000000000000e+02
8.420000000000000000e+02
8.380000000000000000e+02
8.860000000000000000e+02
8.840000000000000000e+02
8.900000000000000000e+02
8.930000000000000000e+02
8.850000000000000000e+02
8.880000000000000000e+02
8.820000000000000000e+02
8.620000000000000000e+02
8.530000000000000000e+02
