1.210000000000000000e+02
1.090000000000000000e+02
9.300000000000000000e+01
9.400000000000000000e+01
9.500000000000000000e+01
9.000000000000000000e+01
1.050000000000000000e+02
1.110000000000000000e+02
1.170000000000000000e+02
1.220000000000000000e+02
1.250000000000000000e+02
1.370000000000000000e+02
1.410000000000000000e+02
1.430000000000000000e+02
1.460000000000000000e+02
1.430000000000000000e+02
1.350000000000000000e+02
1.440000000000000000e+02
1.510000000000000000e+02
1.590000000000000000e+02
1.660000000000000000e+02
2.170000000000000000e+02
2.210000000000000000e+02
2.350000000000000000e+02
2.340000000000000000e+02
2.510000000000000000e+02
2.620000000000000000e+02
2.760000000000000000e+02
2.870000000000000000e+02
2.990000000000000000e+02
3.110000000000000000e+02
3.260000000000000000e+02
