7.047000000000000000e+03
6.779000000000000000e+03
6.600000000000000000e+03
6.561000000000000000e+03
6.430000000000000000e+03
6.441000000000000000e+03
6.278000000000000000e+03
6.201000000000000000e+03
6.167000000000000000e+03
6.028000000000000000e+03
6.012000000000000000e+03
6.000000000000000000e+03
5.938000000000000000e+03
5.780000000000000000e+03
5.701000000000000000e+03
5.674000000000000000e+03
5.648000000000000000e+03
5.567000000000000000e+03
5.483000000000000000e+03
5.482000000000000000e+03
5.459000000000000000e+03
5.412000000000000000e+03
5.462000000000000000e+03
5.518000000000000000e+03
5.529000000000000000e+03
5.593000000000000000e+03
5.634000000000000000e+03
5.679000000000000000e+03
5.738000000000000000e+03
5.777000000000000000e+03
5.838000000000000000e+03
6.021000000000000000e+03
