3.722000000000000000e+03
4.008000000000000000e+03
4.168000000000000000e+03
4.376000000000000000e+03
4.434000000000000000e+03
4.537000000000000000e+03
4.648000000000000000e+03
4.753000000000000000e+03
4.859000000000000000e+03
4.986000000000000000e+03
5.101000000000000000e+03
5.118000000000000000e+03
5.250000000000000000e+03
5.317000000000000000e+03
5.362000000000000000e+03
5.383000000000000000e+03
5.447000000000000000e+03
5.470000000000000000e+03
5.544000000000000000e+03
5.617000000000000000e+03
5.662000000000000000e+03
5.760000000000000000e+03
5.800000000000000000e+03
5.831000000000000000e+03
5.810000000000000000e+03
5.844000000000000000e+03
5.861000000000000000e+03
5.922000000000000000e+03
5.972000000000000000e+03
5.956000000000000000e+03
5.943000000000000000e+03
5.834000000000000000e+03
