6.009000000000000000e+03
5.993000000000000000e+03
5.944000000000000000e+03
5.830000000000000000e+03
5.704000000000000000e+03
5.675000000000000000e+03
5.652000000000000000e+03
5.563000000000000000e+03
5.468000000000000000e+03
5.446000000000000000e+03
5.433000000000000000e+03
5.435000000000000000e+03
5.476000000000000000e+03
5.510000000000000000e+03
5.543000000000000000e+03
5.598000000000000000e+03
5.643000000000000000e+03
5.709000000000000000e+03
5.778000000000000000e+03
5.789000000000000000e+03
5.771000000000000000e+03
5.998000000000000000e+03
6.137000000000000000e+03
6.264000000000000000e+03
6.400000000000000000e+03
6.467000000000000000e+03
6.524000000000000000e+03
6.634000000000000000e+03
6.613000000000000000e+03
6.739000000000000000e+03
6.771000000000000000e+03
6.679000000000000000e+03
