7.400000000000000000e+01
7.900000000000000000e+01
8.500000000000000000e+01
8.800000000000000000e+01
8.700000000000000000e+01
8.300000000000000000e+01
7.900000000000000000e+01
7.900000000000000000e+01
6.800000000000000000e+01
5.800000000000000000e+01
5.300000000000000000e+01
4.200000000000000000e+01
3.900000000000000000e+01
4.800000000000000000e+01
4.300000000000000000e+01
4.100000000000000000e+01
4.900000000000000000e+01
5.400000000000000000e+01
6.300000000000000000e+01
6.200000000000000000e+01
7.100000000000000000e+01
9.500000000000000000e+01
9.400000000000000000e+01
9.800000000000000000e+01
1.070000000000000000e+02
1.100000000000000000e+02
1.080000000000000000e+02
1.080000000000000000e+02
1.100000000000000000e+02
9.900000000000000000e+01
1.090000000000000000e+02
1.120000000000000000e+02
