2.060000000000000000e+02
2.240000000000000000e+02
2.310000000000000000e+02
2.290000000000000000e+02
2.490000000000000000e+02
2.470000000000000000e+02
2.440000000000000000e+02
2.490000000000000000e+02
2.520000000000000000e+02
2.450000000000000000e+02
2.370000000000000000e+02
2.350000000000000000e+02
2.380000000000000000e+02
2.410000000000000000e+02
2.310000000000000000e+02
2.380000000000000000e+02
2.400000000000000000e+02
2.460000000000000000e+02
2.470000000000000000e+02
2.630000000000000000e+02
2.650000000000000000e+02
2.890000000000000000e+02
2.810000000000000000e+02
2.850000000000000000e+02
2.820000000000000000e+02
2.890000000000000000e+02
2.790000000000000000e+02
2.800000000000000000e+02
2.810000000000000000e+02
2.790000000000000000e+02
2.910000000000000000e+02
2.810000000000000000e+02
