2.421000000000000000e+03
2.436000000000000000e+03
2.453000000000000000e+03
2.491000000000000000e+03
2.505000000000000000e+03
2.520000000000000000e+03
2.524000000000000000e+03
2.553000000000000000e+03
2.598000000000000000e+03
2.609000000000000000e+03
2.620000000000000000e+03
2.675000000000000000e+03
2.658000000000000000e+03
2.674000000000000000e+03
2.706000000000000000e+03
2.726000000000000000e+03
2.758000000000000000e+03
2.772000000000000000e+03
2.774000000000000000e+03
2.795000000000000000e+03
2.821000000000000000e+03
2.882000000000000000e+03
2.901000000000000000e+03
2.916000000000000000e+03
2.905000000000000000e+03
2.900000000000000000e+03
2.876000000000000000e+03
2.878000000000000000e+03
2.896000000000000000e+03
2.901000000000000000e+03
2.913000000000000000e+03
2.917000000000000000e+03
