1.198000000000000000e+03
1.179000000000000000e+03
1.178000000000000000e+03
1.157000000000000000e+03
1.148000000000000000e+03
1.195000000000000000e+03
1.166000000000000000e+03
1.179000000000000000e+03
1.190000000000000000e+03
1.195000000000000000e+03
1.211000000000000000e+03
1.237000000000000000e+03
1.229000000000000000e+03
1.231000000000000000e+03
1.246000000000000000e+03
1.214000000000000000e+03
1.221000000000000000e+03
1.220000000000000000e+03
1.211000000000000000e+03
1.204000000000000000e+03
1.184000000000000000e+03
1.143000000000000000e+03
1.148000000000000000e+03
1.142000000000000000e+03
1.112000000000000000e+03
1.090000000000000000e+03
1.090000000000000000e+03
1.073000000000000000e+03
1.061000000000000000e+03
1.040000000000000000e+03
1.040000000000000000e+03
1.008000000000000000e+03
