7.790000000000000000e+02
7.970000000000000000e+02
7.820000000000000000e+02
8.050000000000000000e+02
8.380000000000000000e+02
8.770000000000000000e+02
9.490000000000000000e+02
9.920000000000000000e+02
9.970000000000000000e+02
1.019000000000000000e+03
1.025000000000000000e+03
1.056000000000000000e+03
1.072000000000000000e+03
1.079000000000000000e+03
1.088000000000000000e+03
1.122000000000000000e+03
1.131000000000000000e+03
1.167000000000000000e+03
1.180000000000000000e+03
1.198000000000000000e+03
1.222000000000000000e+03
1.232000000000000000e+03
1.232000000000000000e+03
1.235000000000000000e+03
1.254000000000000000e+03
1.242000000000000000e+03
1.237000000000000000e+03
1.232000000000000000e+03
1.231000000000000000e+03
1.215000000000000000e+03
1.198000000000000000e+03
1.194000000000000000e+03
