1.196000000000000000e+03
1.199000000000000000e+03
1.179000000000000000e+03
1.183000000000000000e+03
1.151000000000000000e+03
1.127000000000000000e+03
1.112000000000000000e+03
1.092000000000000000e+03
1.081000000000000000e+03
1.075000000000000000e+03
1.058000000000000000e+03
1.049000000000000000e+03
1.046000000000000000e+03
1.032000000000000000e+03
1.035000000000000000e+03
1.067000000000000000e+03
1.065000000000000000e+03
1.080000000000000000e+03
1.059000000000000000e+03
1.046000000000000000e+03
1.055000000000000000e+03
1.009000000000000000e+03
8.620000000000000000e+02
9.370000000000000000e+02
9.830000000000000000e+02
9.930000000000000000e+02
9.620000000000000000e+02
9.680000000000000000e+02
9.400000000000000000e+02
9.380000000000000000e+02
8.910000000000000000e+02
9.140000000000000000e+02
