1.075000000000000000e+03
1.041000000000000000e+03
1.029000000000000000e+03
1.033000000000000000e+03
1.028000000000000000e+03
1.010000000000000000e+03
9.970000000000000000e+02
9.780000000000000000e+02
9.600000000000000000e+02
9.540000000000000000e+02
9.370000000000000000e+02
9.330000000000000000e+02
9.300000000000000000e+02
9.110000000000000000e+02
8.890000000000000000e+02
8.720000000000000000e+02
8.590000000000000000e+02
8.590000000000000000e+02
8.520000000000000000e+02
8.560000000000000000e+02
8.440000000000000000e+02
8.320000000000000000e+02
8.140000000000000000e+02
7.940000000000000000e+02
7.920000000000000000e+02
7.640000000000000000e+02
7.630000000000000000e+02
7.550000000000000000e+02
7.680000000000000000e+02
7.570000000000000000e+02
7.520000000000000000e+02
7.550000000000000000e+02
