1.039000000000000000e+03
1.063000000000000000e+03
1.087000000000000000e+03
1.095000000000000000e+03
1.099000000000000000e+03
1.137000000000000000e+03
1.141000000000000000e+03
1.173000000000000000e+03
1.177000000000000000e+03
1.205000000000000000e+03
1.232000000000000000e+03
1.250000000000000000e+03
1.243000000000000000e+03
1.239000000000000000e+03
1.270000000000000000e+03
1.262000000000000000e+03
1.256000000000000000e+03
1.247000000000000000e+03
1.243000000000000000e+03
1.230000000000000000e+03
1.209000000000000000e+03
1.210000000000000000e+03
1.228000000000000000e+03
1.251000000000000000e+03
1.220000000000000000e+03
1.235000000000000000e+03
1.240000000000000000e+03
1.252000000000000000e+03
1.283000000000000000e+03
1.298000000000000000e+03
1.287000000000000000e+03
1.276000000000000000e+03
