3.059000000000000000e+03
3.005000000000000000e+03
2.993000000000000000e+03
2.976000000000000000e+03
2.947000000000000000e+03
2.950000000000000000e+03
2.925000000000000000e+03
2.920000000000000000e+03
2.882000000000000000e+03
2.869000000000000000e+03
2.849000000000000000e+03
2.799000000000000000e+03
2.763000000000000000e+03
2.738000000000000000e+03
2.720000000000000000e+03
2.655000000000000000e+03
2.634000000000000000e+03
2.598000000000000000e+03
2.598000000000000000e+03
2.579000000000000000e+03
2.537000000000000000e+03
2.515000000000000000e+03
2.529000000000000000e+03
2.509000000000000000e+03
2.496000000000000000e+03
2.480000000000000000e+03
2.462000000000000000e+03
2.421000000000000000e+03
2.411000000000000000e+03
2.444000000000000000e+03
2.461000000000000000e+03
2.443000000000000000e+03
