8.820000000000000000e+02
8.150000000000000000e+02
7.690000000000000000e+02
7.530000000000000000e+02
7.870000000000000000e+02
8.370000000000000000e+02
9.100000000000000000e+02
1.010000000000000000e+03
1.053000000000000000e+03
1.109000000000000000e+03
1.208000000000000000e+03
1.306000000000000000e+03
1.404000000000000000e+03
1.445000000000000000e+03
1.435000000000000000e+03
1.464000000000000000e+03
1.457000000000000000e+03
1.463000000000000000e+03
1.481000000000000000e+03
1.521000000000000000e+03
1.538000000000000000e+03
1.508000000000000000e+03
1.490000000000000000e+03
1.499000000000000000e+03
1.541000000000000000e+03
1.525000000000000000e+03
1.567000000000000000e+03
1.565000000000000000e+03
1.571000000000000000e+03
1.577000000000000000e+03
1.568000000000000000e+03
1.580000000000000000e+03
