9.124000000000000000e+03
9.159000000000000000e+03
9.182000000000000000e+03
9.191000000000000000e+03
9.246000000000000000e+03
9.227000000000000000e+03
9.229000000000000000e+03
9.266000000000000000e+03
9.281000000000000000e+03
9.271000000000000000e+03
9.276000000000000000e+03
9.285000000000000000e+03
9.255000000000000000e+03
9.203000000000000000e+03
9.266000000000000000e+03
9.238000000000000000e+03
9.310000000000000000e+03
9.394000000000000000e+03
9.443000000000000000e+03
9.576000000000000000e+03
9.642000000000000000e+03
9.681000000000000000e+03
9.809000000000000000e+03
9.882000000000000000e+03
9.955000000000000000e+03
1.004400000000000000e+04
1.000100000000000000e+04
1.002800000000000000e+04
1.014000000000000000e+04
1.021600000000000000e+04
1.034500000000000000e+04
1.041300000000000000e+04
