7.900000000000000000e+02
7.050000000000000000e+02
6.020000000000000000e+02
5.610000000000000000e+02
5.860000000000000000e+02
6.290000000000000000e+02
7.120000000000000000e+02
8.010000000000000000e+02
8.820000000000000000e+02
1.000000000000000000e+03
1.097000000000000000e+03
1.226000000000000000e+03
1.359000000000000000e+03
1.472000000000000000e+03
1.516000000000000000e+03
1.580000000000000000e+03
1.615000000000000000e+03
1.621000000000000000e+03
1.647000000000000000e+03
1.656000000000000000e+03
1.677000000000000000e+03
1.688000000000000000e+03
1.697000000000000000e+03
1.663000000000000000e+03
1.694000000000000000e+03
1.721000000000000000e+03
1.753000000000000000e+03
1.780000000000000000e+03
1.795000000000000000e+03
1.768000000000000000e+03
1.778000000000000000e+03
1.768000000000000000e+03
