4.945000000000000000e+03
4.980000000000000000e+03
5.078000000000000000e+03
5.162000000000000000e+03
5.191000000000000000e+03
5.163000000000000000e+03
5.140000000000000000e+03
5.102000000000000000e+03
5.110000000000000000e+03
5.050000000000000000e+03
4.959000000000000000e+03
4.840000000000000000e+03
4.744000000000000000e+03
4.711000000000000000e+03
4.688000000000000000e+03
4.617000000000000000e+03
4.512000000000000000e+03
4.444000000000000000e+03
4.386000000000000000e+03
4.394000000000000000e+03
4.439000000000000000e+03
4.389000000000000000e+03
4.378000000000000000e+03
4.346000000000000000e+03
4.344000000000000000e+03
4.331000000000000000e+03
4.347000000000000000e+03
4.385000000000000000e+03
4.358000000000000000e+03
4.317000000000000000e+03
4.303000000000000000e+03
4.287000000000000000e+03
