2.739000000000000000e+03
2.703000000000000000e+03
2.670000000000000000e+03
2.618000000000000000e+03
2.635000000000000000e+03
2.661000000000000000e+03
2.694000000000000000e+03
2.729000000000000000e+03
2.738000000000000000e+03
2.721000000000000000e+03
2.730000000000000000e+03
2.682000000000000000e+03
2.657000000000000000e+03
2.709000000000000000e+03
2.744000000000000000e+03
2.691000000000000000e+03
2.658000000000000000e+03
2.614000000000000000e+03
2.620000000000000000e+03
2.685000000000000000e+03
2.637000000000000000e+03
2.685000000000000000e+03
2.739000000000000000e+03
2.758000000000000000e+03
2.775000000000000000e+03
2.819000000000000000e+03
2.918000000000000000e+03
2.986000000000000000e+03
3.026000000000000000e+03
2.990000000000000000e+03
3.017000000000000000e+03
2.970000000000000000e+03
