2.589000000000000000e+03
2.538000000000000000e+03
2.490000000000000000e+03
2.503000000000000000e+03
2.475000000000000000e+03
2.496000000000000000e+03
2.485000000000000000e+03
2.492000000000000000e+03
2.487000000000000000e+03
2.451000000000000000e+03
2.442000000000000000e+03
2.415000000000000000e+03
2.397000000000000000e+03
2.367000000000000000e+03
2.371000000000000000e+03
2.368000000000000000e+03
2.391000000000000000e+03
2.380000000000000000e+03
2.404000000000000000e+03
2.439000000000000000e+03
2.456000000000000000e+03
2.584000000000000000e+03
2.655000000000000000e+03
2.765000000000000000e+03
2.801000000000000000e+03
2.841000000000000000e+03
2.878000000000000000e+03
2.923000000000000000e+03
2.996000000000000000e+03
3.011000000000000000e+03
3.045000000000000000e+03
3.008000000000000000e+03
