4.454000000000000000e+03
4.402000000000000000e+03
4.364000000000000000e+03
4.336000000000000000e+03
4.399000000000000000e+03
4.380000000000000000e+03
4.432000000000000000e+03
4.462000000000000000e+03
4.496000000000000000e+03
4.411000000000000000e+03
4.401000000000000000e+03
4.364000000000000000e+03
4.368000000000000000e+03
4.365000000000000000e+03
4.352000000000000000e+03
4.325000000000000000e+03
4.332000000000000000e+03
4.284000000000000000e+03
4.269000000000000000e+03
4.334000000000000000e+03
4.397000000000000000e+03
4.314000000000000000e+03
4.359000000000000000e+03
4.371000000000000000e+03
4.365000000000000000e+03
4.397000000000000000e+03
4.420000000000000000e+03
4.496000000000000000e+03
4.495000000000000000e+03
4.471000000000000000e+03
4.528000000000000000e+03
4.550000000000000000e+03
