3.707000000000000000e+03
3.645000000000000000e+03
3.557000000000000000e+03
3.370000000000000000e+03
3.242000000000000000e+03
3.085000000000000000e+03
2.808000000000000000e+03
2.726000000000000000e+03
2.776000000000000000e+03
2.822000000000000000e+03
2.890000000000000000e+03
3.024000000000000000e+03
3.177000000000000000e+03
3.427000000000000000e+03
3.647000000000000000e+03
3.958000000000000000e+03
4.298000000000000000e+03
4.482000000000000000e+03
4.550000000000000000e+03
4.631000000000000000e+03
4.692000000000000000e+03
4.727000000000000000e+03
4.848000000000000000e+03
4.880000000000000000e+03
4.870000000000000000e+03
4.843000000000000000e+03
4.818000000000000000e+03
4.800000000000000000e+03
4.792000000000000000e+03
4.734000000000000000e+03
4.650000000000000000e+03
4.553000000000000000e+03
