4.705000000000000000e+03
4.687000000000000000e+03
4.675000000000000000e+03
4.827000000000000000e+03
4.803000000000000000e+03
4.793000000000000000e+03
4.768000000000000000e+03
4.768000000000000000e+03
4.849000000000000000e+03
4.869000000000000000e+03
4.878000000000000000e+03
4.960000000000000000e+03
5.000000000000000000e+03
4.970000000000000000e+03
4.996000000000000000e+03
5.072000000000000000e+03
5.092000000000000000e+03
5.127000000000000000e+03
5.133000000000000000e+03
5.142000000000000000e+03
5.165000000000000000e+03
5.044000000000000000e+03
5.024000000000000000e+03
4.976000000000000000e+03
4.916000000000000000e+03
4.815000000000000000e+03
4.751000000000000000e+03
4.622000000000000000e+03
4.592000000000000000e+03
4.548000000000000000e+03
4.491000000000000000e+03
4.481000000000000000e+03
