1.808000000000000000e+03
1.859000000000000000e+03
1.949000000000000000e+03
2.028000000000000000e+03
2.132000000000000000e+03
2.223000000000000000e+03
2.282000000000000000e+03
2.361000000000000000e+03
2.419000000000000000e+03
2.453000000000000000e+03
2.472000000000000000e+03
2.472000000000000000e+03
2.491000000000000000e+03
2.481000000000000000e+03
2.513000000000000000e+03
2.540000000000000000e+03
2.552000000000000000e+03
2.526000000000000000e+03
2.554000000000000000e+03
2.558000000000000000e+03
2.554000000000000000e+03
2.548000000000000000e+03
2.557000000000000000e+03
2.554000000000000000e+03
2.563000000000000000e+03
2.569000000000000000e+03
2.592000000000000000e+03
2.626000000000000000e+03
2.603000000000000000e+03
2.617000000000000000e+03
2.638000000000000000e+03
2.620000000000000000e+03
