1.190900000000000000e+04
1.172500000000000000e+04
1.157000000000000000e+04
1.144600000000000000e+04
1.133400000000000000e+04
1.116600000000000000e+04
1.107700000000000000e+04
1.092800000000000000e+04
1.081700000000000000e+04
1.070300000000000000e+04
1.054400000000000000e+04
1.035100000000000000e+04
1.023900000000000000e+04
1.008500000000000000e+04
9.991000000000000000e+03
9.901000000000000000e+03
9.806000000000000000e+03
9.789000000000000000e+03
9.773000000000000000e+03
9.759000000000000000e+03
9.742000000000000000e+03
9.754000000000000000e+03
9.808000000000000000e+03
9.815000000000000000e+03
9.826000000000000000e+03
9.921000000000000000e+03
9.998000000000000000e+03
1.002500000000000000e+04
1.012400000000000000e+04
1.019300000000000000e+04
1.030200000000000000e+04
1.037400000000000000e+04
