6.864000000000000000e+03
6.958000000000000000e+03
7.091000000000000000e+03
7.179000000000000000e+03
7.321000000000000000e+03
7.424000000000000000e+03
7.554000000000000000e+03
7.651000000000000000e+03
7.806000000000000000e+03
7.945000000000000000e+03
8.073000000000000000e+03
8.189000000000000000e+03
8.281000000000000000e+03
8.367000000000000000e+03
8.481000000000000000e+03
8.587000000000000000e+03
8.711000000000000000e+03
8.825000000000000000e+03
8.951000000000000000e+03
9.053000000000000000e+03
9.168000000000000000e+03
9.269000000000000000e+03
9.334000000000000000e+03
9.376000000000000000e+03
9.372000000000000000e+03
9.409000000000000000e+03
9.440000000000000000e+03
9.509000000000000000e+03
9.654000000000000000e+03
9.754000000000000000e+03
9.857000000000000000e+03
9.960000000000000000e+03
