3.394000000000000000e+03
3.336000000000000000e+03
3.268000000000000000e+03
3.211000000000000000e+03
3.180000000000000000e+03
3.115000000000000000e+03
3.117000000000000000e+03
3.095000000000000000e+03
3.087000000000000000e+03
3.102000000000000000e+03
3.098000000000000000e+03
3.064000000000000000e+03
3.056000000000000000e+03
3.016000000000000000e+03
3.022000000000000000e+03
3.017000000000000000e+03
2.993000000000000000e+03
3.043000000000000000e+03
3.097000000000000000e+03
3.094000000000000000e+03
3.173000000000000000e+03
3.264000000000000000e+03
3.356000000000000000e+03
3.464000000000000000e+03
3.521000000000000000e+03
3.651000000000000000e+03
3.725000000000000000e+03
3.745000000000000000e+03
3.790000000000000000e+03
3.813000000000000000e+03
3.839000000000000000e+03
3.861000000000000000e+03
