4.908000000000000000e+03
4.960000000000000000e+03
4.974000000000000000e+03
4.975000000000000000e+03
5.001000000000000000e+03
5.048000000000000000e+03
5.079000000000000000e+03
5.112000000000000000e+03
5.135000000000000000e+03
5.081000000000000000e+03
5.126000000000000000e+03
5.042000000000000000e+03
4.971000000000000000e+03
4.922000000000000000e+03
4.857000000000000000e+03
4.763000000000000000e+03
4.692000000000000000e+03
4.595000000000000000e+03
4.543000000000000000e+03
4.545000000000000000e+03
4.463000000000000000e+03
4.442000000000000000e+03
4.435000000000000000e+03
4.484000000000000000e+03
4.535000000000000000e+03
4.536000000000000000e+03
4.593000000000000000e+03
4.667000000000000000e+03
4.597000000000000000e+03
4.618000000000000000e+03
4.641000000000000000e+03
4.648000000000000000e+03
