4.564000000000000000e+03
4.571000000000000000e+03
4.562000000000000000e+03
4.640000000000000000e+03
4.662000000000000000e+03
4.715000000000000000e+03
4.686000000000000000e+03
4.628000000000000000e+03
4.659000000000000000e+03
4.673000000000000000e+03
4.707000000000000000e+03
4.752000000000000000e+03
4.708000000000000000e+03
4.666000000000000000e+03
4.651000000000000000e+03
4.636000000000000000e+03
4.580000000000000000e+03
4.622000000000000000e+03
4.555000000000000000e+03
4.670000000000000000e+03
4.651000000000000000e+03
4.284000000000000000e+03
4.179000000000000000e+03
4.221000000000000000e+03
4.227000000000000000e+03
4.108000000000000000e+03
4.123000000000000000e+03
4.000000000000000000e+03
3.985000000000000000e+03
3.864000000000000000e+03
3.755000000000000000e+03
3.589000000000000000e+03
