3.175000000000000000e+03
3.152000000000000000e+03
3.107000000000000000e+03
3.056000000000000000e+03
3.015000000000000000e+03
2.964000000000000000e+03
2.937000000000000000e+03
2.908000000000000000e+03
2.867000000000000000e+03
2.845000000000000000e+03
2.804000000000000000e+03
2.749000000000000000e+03
2.730000000000000000e+03
2.694000000000000000e+03
2.644000000000000000e+03
2.605000000000000000e+03
2.588000000000000000e+03
2.558000000000000000e+03
2.545000000000000000e+03
2.506000000000000000e+03
2.477000000000000000e+03
2.433000000000000000e+03
2.397000000000000000e+03
2.389000000000000000e+03
2.389000000000000000e+03
2.391000000000000000e+03
2.353000000000000000e+03
2.350000000000000000e+03
2.353000000000000000e+03
2.343000000000000000e+03
2.335000000000000000e+03
2.307000000000000000e+03
