1.388000000000000000e+03
1.402000000000000000e+03
1.372000000000000000e+03
1.346000000000000000e+03
1.343000000000000000e+03
1.346000000000000000e+03
1.323000000000000000e+03
1.302000000000000000e+03
1.287000000000000000e+03
1.304000000000000000e+03
1.317000000000000000e+03
1.292000000000000000e+03
1.322000000000000000e+03
1.335000000000000000e+03
1.355000000000000000e+03
1.337000000000000000e+03
1.335000000000000000e+03
1.361000000000000000e+03
1.360000000000000000e+03
1.324000000000000000e+03
1.287000000000000000e+03
1.213000000000000000e+03
1.180000000000000000e+03
1.184000000000000000e+03
1.178000000000000000e+03
1.194000000000000000e+03
1.169000000000000000e+03
1.143000000000000000e+03
1.144000000000000000e+03
1.116000000000000000e+03
1.146000000000000000e+03
1.136000000000000000e+03
