1.348000000000000000e+03
1.336000000000000000e+03
1.359000000000000000e+03
1.376000000000000000e+03
1.374000000000000000e+03
1.357000000000000000e+03
1.373000000000000000e+03
1.391000000000000000e+03
1.389000000000000000e+03
1.368000000000000000e+03
1.335000000000000000e+03
1.322000000000000000e+03
1.303000000000000000e+03
1.309000000000000000e+03
1.299000000000000000e+03
1.313000000000000000e+03
1.292000000000000000e+03
1.257000000000000000e+03
1.261000000000000000e+03
1.242000000000000000e+03
1.263000000000000000e+03
1.194000000000000000e+03
1.180000000000000000e+03
1.163000000000000000e+03
1.142000000000000000e+03
1.148000000000000000e+03
1.159000000000000000e+03
1.130000000000000000e+03
1.122000000000000000e+03
1.092000000000000000e+03
1.086000000000000000e+03
1.091000000000000000e+03
