1.170000000000000000e+02
1.230000000000000000e+02
1.300000000000000000e+02
1.330000000000000000e+02
1.250000000000000000e+02
1.300000000000000000e+02
1.240000000000000000e+02
1.100000000000000000e+02
1.040000000000000000e+02
9.800000000000000000e+01
1.020000000000000000e+02
9.200000000000000000e+01
8.900000000000000000e+01
7.300000000000000000e+01
8.300000000000000000e+01
8.900000000000000000e+01
9.500000000000000000e+01
1.090000000000000000e+02
1.190000000000000000e+02
1.310000000000000000e+02
1.390000000000000000e+02
1.610000000000000000e+02
1.680000000000000000e+02
1.760000000000000000e+02
1.900000000000000000e+02
1.890000000000000000e+02
1.970000000000000000e+02
2.100000000000000000e+02
2.060000000000000000e+02
2.020000000000000000e+02
2.170000000000000000e+02
2.370000000000000000e+02
