1.500000000000000000e+03
1.480000000000000000e+03
1.474000000000000000e+03
1.482000000000000000e+03
1.483000000000000000e+03
1.463000000000000000e+03
1.492000000000000000e+03
1.493000000000000000e+03
1.492000000000000000e+03
1.474000000000000000e+03
1.492000000000000000e+03
1.522000000000000000e+03
1.528000000000000000e+03
1.547000000000000000e+03
1.529000000000000000e+03
1.536000000000000000e+03
1.545000000000000000e+03
1.574000000000000000e+03
1.576000000000000000e+03
1.557000000000000000e+03
1.544000000000000000e+03
1.514000000000000000e+03
1.510000000000000000e+03
1.480000000000000000e+03
1.492000000000000000e+03
1.486000000000000000e+03
1.475000000000000000e+03
1.477000000000000000e+03
1.482000000000000000e+03
1.483000000000000000e+03
1.504000000000000000e+03
1.511000000000000000e+03
