2.386000000000000000e+03
2.406000000000000000e+03
2.456000000000000000e+03
2.523000000000000000e+03
2.563000000000000000e+03
2.605000000000000000e+03
2.641000000000000000e+03
2.661000000000000000e+03
2.692000000000000000e+03
2.710000000000000000e+03
2.726000000000000000e+03
2.757000000000000000e+03
2.785000000000000000e+03
2.801000000000000000e+03
2.840000000000000000e+03
2.882000000000000000e+03
2.912000000000000000e+03
2.984000000000000000e+03
3.028000000000000000e+03
3.073000000000000000e+03
3.083000000000000000e+03
2.982000000000000000e+03
3.046000000000000000e+03
3.088000000000000000e+03
3.119000000000000000e+03
3.169000000000000000e+03
3.111000000000000000e+03
3.125000000000000000e+03
3.151000000000000000e+03
3.183000000000000000e+03
3.221000000000000000e+03
3.256000000000000000e+03
