1.257000000000000000e+03
1.248000000000000000e+03
1.225000000000000000e+03
1.207000000000000000e+03
1.185000000000000000e+03
1.171000000000000000e+03
1.135000000000000000e+03
1.098000000000000000e+03
1.076000000000000000e+03
1.037000000000000000e+03
1.039000000000000000e+03
1.028000000000000000e+03
1.008000000000000000e+03
9.850000000000000000e+02
9.730000000000000000e+02
9.440000000000000000e+02
9.630000000000000000e+02
9.470000000000000000e+02
9.270000000000000000e+02
8.800000000000000000e+02
8.610000000000000000e+02
8.180000000000000000e+02
7.870000000000000000e+02
7.720000000000000000e+02
7.790000000000000000e+02
7.890000000000000000e+02
7.660000000000000000e+02
7.100000000000000000e+02
7.010000000000000000e+02
7.000000000000000000e+02
7.320000000000000000e+02
7.080000000000000000e+02
