9.210000000000000000e+02
9.230000000000000000e+02
9.220000000000000000e+02
9.350000000000000000e+02
9.440000000000000000e+02
9.630000000000000000e+02
9.870000000000000000e+02
1.025000000000000000e+03
9.990000000000000000e+02
1.005000000000000000e+03
1.027000000000000000e+03
1.031000000000000000e+03
1.024000000000000000e+03
9.810000000000000000e+02
9.550000000000000000e+02
9.180000000000000000e+02
8.430000000000000000e+02
8.310000000000000000e+02
8.870000000000000000e+02
9.340000000000000000e+02
9.580000000000000000e+02
1.003000000000000000e+03
1.068000000000000000e+03
1.156000000000000000e+03
1.255000000000000000e+03
1.327000000000000000e+03
1.425000000000000000e+03
1.480000000000000000e+03
1.491000000000000000e+03
1.492000000000000000e+03
1.531000000000000000e+03
1.573000000000000000e+03
