2.350000000000000000e+02
2.320000000000000000e+02
2.410000000000000000e+02
2.390000000000000000e+02
2.400000000000000000e+02
2.300000000000000000e+02
2.160000000000000000e+02
2.010000000000000000e+02
1.890000000000000000e+02
1.750000000000000000e+02
1.530000000000000000e+02
1.490000000000000000e+02
1.350000000000000000e+02
1.380000000000000000e+02
1.460000000000000000e+02
1.580000000000000000e+02
1.730000000000000000e+02
1.790000000000000000e+02
2.000000000000000000e+02
2.190000000000000000e+02
2.370000000000000000e+02
2.580000000000000000e+02
2.690000000000000000e+02
2.860000000000000000e+02
2.820000000000000000e+02
2.840000000000000000e+02
2.990000000000000000e+02
3.130000000000000000e+02
3.100000000000000000e+02
3.090000000000000000e+02
3.200000000000000000e+02
3.160000000000000000e+02
