7.990000000000000000e+02
7.960000000000000000e+02
7.910000000000000000e+02
7.850000000000000000e+02
8.070000000000000000e+02
8.270000000000000000e+02
8.240000000000000000e+02
8.270000000000000000e+02
8.330000000000000000e+02
8.340000000000000000e+02
8.050000000000000000e+02
8.000000000000000000e+02
7.990000000000000000e+02
8.030000000000000000e+02
7.840000000000000000e+02
7.560000000000000000e+02
7.560000000000000000e+02
7.510000000000000000e+02
7.630000000000000000e+02
7.570000000000000000e+02
7.530000000000000000e+02
7.610000000000000000e+02
7.710000000000000000e+02
7.820000000000000000e+02
7.910000000000000000e+02
7.950000000000000000e+02
8.120000000000000000e+02
8.480000000000000000e+02
8.280000000000000000e+02
8.440000000000000000e+02
8.760000000000000000e+02
8.790000000000000000e+02
