3.288000000000000000e+03
3.313000000000000000e+03
3.314000000000000000e+03
3.289000000000000000e+03
3.305000000000000000e+03
3.271000000000000000e+03
3.262000000000000000e+03
3.239000000000000000e+03
3.255000000000000000e+03
3.266000000000000000e+03
3.278000000000000000e+03
3.249000000000000000e+03
3.225000000000000000e+03
3.190000000000000000e+03
3.205000000000000000e+03
3.221000000000000000e+03
3.281000000000000000e+03
3.298000000000000000e+03
3.245000000000000000e+03
3.317000000000000000e+03
3.344000000000000000e+03
3.393000000000000000e+03
3.479000000000000000e+03
3.564000000000000000e+03
3.507000000000000000e+03
3.456000000000000000e+03
3.382000000000000000e+03
3.333000000000000000e+03
3.372000000000000000e+03
3.351000000000000000e+03
3.328000000000000000e+03
3.344000000000000000e+03
