4.715000000000000000e+03
4.677000000000000000e+03
4.617000000000000000e+03
4.574000000000000000e+03
4.475000000000000000e+03
4.388000000000000000e+03
4.339000000000000000e+03
4.297000000000000000e+03
4.260000000000000000e+03
4.152000000000000000e+03
4.083000000000000000e+03
3.993000000000000000e+03
3.933000000000000000e+03
3.877000000000000000e+03
3.840000000000000000e+03
3.785000000000000000e+03
3.725000000000000000e+03
3.635000000000000000e+03
3.562000000000000000e+03
3.545000000000000000e+03
3.434000000000000000e+03
3.379000000000000000e+03
3.313000000000000000e+03
3.260000000000000000e+03
3.166000000000000000e+03
3.127000000000000000e+03
3.078000000000000000e+03
3.073000000000000000e+03
3.047000000000000000e+03
3.003000000000000000e+03
3.012000000000000000e+03
2.993000000000000000e+03
