5.228000000000000000e+03
5.213000000000000000e+03
5.244000000000000000e+03
5.261000000000000000e+03
5.302000000000000000e+03
5.249000000000000000e+03
5.281000000000000000e+03
5.281000000000000000e+03
5.257000000000000000e+03
5.253000000000000000e+03
5.249000000000000000e+03
5.236000000000000000e+03
5.178000000000000000e+03
5.200000000000000000e+03
5.188000000000000000e+03
5.255000000000000000e+03
5.271000000000000000e+03
5.270000000000000000e+03
5.243000000000000000e+03
5.242000000000000000e+03
5.240000000000000000e+03
5.149000000000000000e+03
5.215000000000000000e+03
5.216000000000000000e+03
5.229000000000000000e+03
5.141000000000000000e+03
5.048000000000000000e+03
4.961000000000000000e+03
4.918000000000000000e+03
4.886000000000000000e+03
4.828000000000000000e+03
4.809000000000000000e+03
