2.073000000000000000e+03
2.095000000000000000e+03
2.127000000000000000e+03
2.151000000000000000e+03
2.158000000000000000e+03
2.183000000000000000e+03
2.216000000000000000e+03
2.238000000000000000e+03
2.261000000000000000e+03
2.281000000000000000e+03
2.285000000000000000e+03
2.283000000000000000e+03
2.310000000000000000e+03
2.322000000000000000e+03
2.344000000000000000e+03
2.376000000000000000e+03
2.375000000000000000e+03
2.413000000000000000e+03
2.426000000000000000e+03
2.438000000000000000e+03
2.484000000000000000e+03
2.446000000000000000e+03
2.475000000000000000e+03
2.539000000000000000e+03
2.575000000000000000e+03
2.594000000000000000e+03
2.597000000000000000e+03
2.599000000000000000e+03
2.632000000000000000e+03
2.631000000000000000e+03
2.680000000000000000e+03
2.685000000000000000e+03
