1.359000000000000000e+03
1.369000000000000000e+03
1.372000000000000000e+03
1.358000000000000000e+03
1.342000000000000000e+03
1.313000000000000000e+03
1.300000000000000000e+03
1.272000000000000000e+03
1.244000000000000000e+03
1.204000000000000000e+03
1.196000000000000000e+03
1.210000000000000000e+03
1.226000000000000000e+03
1.215000000000000000e+03
1.188000000000000000e+03
1.238000000000000000e+03
1.234000000000000000e+03
1.240000000000000000e+03
1.259000000000000000e+03
1.262000000000000000e+03
1.312000000000000000e+03
1.256000000000000000e+03
1.268000000000000000e+03
1.271000000000000000e+03
1.293000000000000000e+03
1.266000000000000000e+03
1.260000000000000000e+03
1.259000000000000000e+03
1.239000000000000000e+03
1.221000000000000000e+03
1.168000000000000000e+03
1.155000000000000000e+03
