1.708200000000000000e+04
1.706800000000000000e+04
1.707900000000000000e+04
1.708500000000000000e+04
1.704100000000000000e+04
1.703000000000000000e+04
1.701500000000000000e+04
1.701400000000000000e+04
1.697800000000000000e+04
1.698400000000000000e+04
1.690700000000000000e+04
1.683100000000000000e+04
1.685900000000000000e+04
1.685200000000000000e+04
1.684400000000000000e+04
1.685400000000000000e+04
1.679400000000000000e+04
1.679400000000000000e+04
1.673200000000000000e+04
1.667700000000000000e+04
1.670800000000000000e+04
1.638700000000000000e+04
1.627400000000000000e+04
1.640200000000000000e+04
1.637400000000000000e+04
1.633400000000000000e+04
1.627700000000000000e+04
1.628000000000000000e+04
1.627600000000000000e+04
1.620300000000000000e+04
1.619200000000000000e+04
1.611200000000000000e+04
