1.232000000000000000e+03
1.262000000000000000e+03
1.325000000000000000e+03
1.330000000000000000e+03
1.334000000000000000e+03
1.362000000000000000e+03
1.391000000000000000e+03
1.396000000000000000e+03
1.399000000000000000e+03
1.433000000000000000e+03
1.426000000000000000e+03
1.456000000000000000e+03
1.418000000000000000e+03
1.418000000000000000e+03
1.403000000000000000e+03
1.387000000000000000e+03
1.363000000000000000e+03
1.349000000000000000e+03
1.323000000000000000e+03
1.296000000000000000e+03
1.297000000000000000e+03
1.233000000000000000e+03
1.230000000000000000e+03
1.252000000000000000e+03
1.264000000000000000e+03
1.263000000000000000e+03
1.267000000000000000e+03
1.294000000000000000e+03
1.289000000000000000e+03
1.307000000000000000e+03
1.280000000000000000e+03
1.297000000000000000e+03
