1.200200000000000000e+04
1.200200000000000000e+04
1.201700000000000000e+04
1.205100000000000000e+04
1.205400000000000000e+04
1.205200000000000000e+04
1.204000000000000000e+04
1.206900000000000000e+04
1.206600000000000000e+04
1.207400000000000000e+04
1.206500000000000000e+04
1.203300000000000000e+04
1.205000000000000000e+04
1.205000000000000000e+04
1.205400000000000000e+04
1.204900000000000000e+04
1.202200000000000000e+04
1.201200000000000000e+04
1.195200000000000000e+04
1.191700000000000000e+04
1.191400000000000000e+04
1.163000000000000000e+04
1.149800000000000000e+04
1.153600000000000000e+04
1.146800000000000000e+04
1.141500000000000000e+04
1.135900000000000000e+04
1.134700000000000000e+04
1.129600000000000000e+04
1.123900000000000000e+04
1.119200000000000000e+04
1.111700000000000000e+04
