5.050000000000000000e+03
5.093000000000000000e+03
5.141000000000000000e+03
5.219000000000000000e+03
5.285000000000000000e+03
5.337000000000000000e+03
5.403000000000000000e+03
5.469000000000000000e+03
5.559000000000000000e+03
5.642000000000000000e+03
5.710000000000000000e+03
5.737000000000000000e+03
5.812000000000000000e+03
5.913000000000000000e+03
5.978000000000000000e+03
6.065000000000000000e+03
6.153000000000000000e+03
6.252000000000000000e+03
6.332000000000000000e+03
6.398000000000000000e+03
6.417000000000000000e+03
6.454000000000000000e+03
6.522000000000000000e+03
6.602000000000000000e+03
6.645000000000000000e+03
6.669000000000000000e+03
6.652000000000000000e+03
6.699000000000000000e+03
6.809000000000000000e+03
6.879000000000000000e+03
6.945000000000000000e+03
6.982000000000000000e+03
