1.844000000000000000e+03
1.814000000000000000e+03
1.798000000000000000e+03
1.775000000000000000e+03
1.722000000000000000e+03
1.669000000000000000e+03
1.645000000000000000e+03
1.619000000000000000e+03
1.577000000000000000e+03
1.524000000000000000e+03
1.481000000000000000e+03
1.438000000000000000e+03
1.412000000000000000e+03
1.409000000000000000e+03
1.375000000000000000e+03
1.354000000000000000e+03
1.289000000000000000e+03
1.274000000000000000e+03
1.273000000000000000e+03
1.257000000000000000e+03
1.259000000000000000e+03
1.265000000000000000e+03
1.227000000000000000e+03
1.182000000000000000e+03
1.196000000000000000e+03
1.186000000000000000e+03
1.176000000000000000e+03
1.150000000000000000e+03
1.132000000000000000e+03
1.121000000000000000e+03
1.115000000000000000e+03
1.081000000000000000e+03
