1.907800000000000000e+04
1.904100000000000000e+04
1.898200000000000000e+04
1.895800000000000000e+04
1.895700000000000000e+04
1.893700000000000000e+04
1.892800000000000000e+04
1.890400000000000000e+04
1.892700000000000000e+04
1.890100000000000000e+04
1.889100000000000000e+04
1.887700000000000000e+04
1.889000000000000000e+04
1.886100000000000000e+04
1.881000000000000000e+04
1.882000000000000000e+04
1.871900000000000000e+04
1.863200000000000000e+04
1.854800000000000000e+04
1.850600000000000000e+04
1.849100000000000000e+04
1.821600000000000000e+04
1.793100000000000000e+04
1.798300000000000000e+04
1.787400000000000000e+04
1.781700000000000000e+04
1.773800000000000000e+04
1.773600000000000000e+04
1.762900000000000000e+04
1.758900000000000000e+04
1.739600000000000000e+04
1.732400000000000000e+04
