1.853000000000000000e+03
1.823000000000000000e+03
1.791000000000000000e+03
1.797000000000000000e+03
1.806000000000000000e+03
1.823000000000000000e+03
1.853000000000000000e+03
1.881000000000000000e+03
1.923000000000000000e+03
1.939000000000000000e+03
1.971000000000000000e+03
1.985000000000000000e+03
2.039000000000000000e+03
2.041000000000000000e+03
2.025000000000000000e+03
2.030000000000000000e+03
1.996000000000000000e+03
1.980000000000000000e+03
1.950000000000000000e+03
1.933000000000000000e+03
1.910000000000000000e+03
1.851000000000000000e+03
1.800000000000000000e+03
1.771000000000000000e+03
1.778000000000000000e+03
1.744000000000000000e+03
1.769000000000000000e+03
1.730000000000000000e+03
1.724000000000000000e+03
1.717000000000000000e+03
1.713000000000000000e+03
1.690000000000000000e+03
