1.562000000000000000e+03
1.602000000000000000e+03
1.633000000000000000e+03
1.652000000000000000e+03
1.647000000000000000e+03
1.630000000000000000e+03
1.550000000000000000e+03
1.496000000000000000e+03
1.498000000000000000e+03
1.511000000000000000e+03
1.536000000000000000e+03
1.500000000000000000e+03
1.478000000000000000e+03
1.477000000000000000e+03
1.484000000000000000e+03
1.545000000000000000e+03
1.640000000000000000e+03
1.712000000000000000e+03
1.734000000000000000e+03
1.763000000000000000e+03
1.817000000000000000e+03
1.877000000000000000e+03
1.935000000000000000e+03
2.000000000000000000e+03
2.068000000000000000e+03
2.102000000000000000e+03
2.104000000000000000e+03
2.149000000000000000e+03
2.200000000000000000e+03
2.238000000000000000e+03
2.224000000000000000e+03
2.230000000000000000e+03
