1.949000000000000000e+03
2.010000000000000000e+03
2.068000000000000000e+03
2.146000000000000000e+03
2.205000000000000000e+03
2.248000000000000000e+03
2.253000000000000000e+03
2.296000000000000000e+03
2.344000000000000000e+03
2.391000000000000000e+03
2.375000000000000000e+03
2.371000000000000000e+03
2.353000000000000000e+03
2.338000000000000000e+03
2.290000000000000000e+03
2.266000000000000000e+03
2.204000000000000000e+03
2.157000000000000000e+03
2.131000000000000000e+03
2.084000000000000000e+03
2.070000000000000000e+03
2.061000000000000000e+03
2.042000000000000000e+03
2.074000000000000000e+03
2.080000000000000000e+03
2.058000000000000000e+03
2.070000000000000000e+03
2.068000000000000000e+03
2.053000000000000000e+03
2.080000000000000000e+03
2.031000000000000000e+03
2.010000000000000000e+03
