1.614000000000000000e+03
1.578000000000000000e+03
1.540000000000000000e+03
1.548000000000000000e+03
1.563000000000000000e+03
1.608000000000000000e+03
1.704000000000000000e+03
1.773000000000000000e+03
1.811000000000000000e+03
1.837000000000000000e+03
1.890000000000000000e+03
1.952000000000000000e+03
2.010000000000000000e+03
2.080000000000000000e+03
2.143000000000000000e+03
2.177000000000000000e+03
2.180000000000000000e+03
2.224000000000000000e+03
2.263000000000000000e+03
2.316000000000000000e+03
2.315000000000000000e+03
2.329000000000000000e+03
2.303000000000000000e+03
2.287000000000000000e+03
2.245000000000000000e+03
2.208000000000000000e+03
2.157000000000000000e+03
2.135000000000000000e+03
2.115000000000000000e+03
2.059000000000000000e+03
2.036000000000000000e+03
2.010000000000000000e+03
