8.780000000000000000e+02
9.060000000000000000e+02
9.540000000000000000e+02
9.790000000000000000e+02
1.009000000000000000e+03
1.034000000000000000e+03
1.073000000000000000e+03
1.103000000000000000e+03
1.119000000000000000e+03
1.149000000000000000e+03
1.162000000000000000e+03
1.179000000000000000e+03
1.174000000000000000e+03
1.188000000000000000e+03
1.192000000000000000e+03
1.195000000000000000e+03
1.193000000000000000e+03
1.167000000000000000e+03
1.160000000000000000e+03
1.157000000000000000e+03
1.130000000000000000e+03
1.128000000000000000e+03
1.123000000000000000e+03
1.116000000000000000e+03
1.121000000000000000e+03
1.115000000000000000e+03
1.137000000000000000e+03
1.173000000000000000e+03
1.183000000000000000e+03
1.192000000000000000e+03
1.221000000000000000e+03
1.254000000000000000e+03
