9.420000000000000000e+02
9.270000000000000000e+02
9.130000000000000000e+02
8.890000000000000000e+02
8.750000000000000000e+02
8.650000000000000000e+02
8.800000000000000000e+02
8.590000000000000000e+02
8.620000000000000000e+02
8.680000000000000000e+02
8.810000000000000000e+02
9.030000000000000000e+02
9.260000000000000000e+02
9.380000000000000000e+02
9.200000000000000000e+02
9.280000000000000000e+02
9.460000000000000000e+02
9.750000000000000000e+02
9.850000000000000000e+02
1.021000000000000000e+03
1.027000000000000000e+03
1.000000000000000000e+03
9.980000000000000000e+02
9.910000000000000000e+02
1.007000000000000000e+03
1.024000000000000000e+03
1.005000000000000000e+03
9.900000000000000000e+02
9.750000000000000000e+02
9.560000000000000000e+02
9.670000000000000000e+02
9.620000000000000000e+02
