8.366000000000000000e+03
8.406000000000000000e+03
8.430000000000000000e+03
8.448000000000000000e+03
8.465000000000000000e+03
8.466000000000000000e+03
8.521000000000000000e+03
8.546000000000000000e+03
8.559000000000000000e+03
8.575000000000000000e+03
8.631000000000000000e+03
8.971000000000000000e+03
8.972000000000000000e+03
8.979000000000000000e+03
8.977000000000000000e+03
9.031000000000000000e+03
9.096000000000000000e+03
9.131000000000000000e+03
9.130000000000000000e+03
9.172000000000000000e+03
9.264000000000000000e+03
9.085000000000000000e+03
9.088000000000000000e+03
9.152000000000000000e+03
9.165000000000000000e+03
9.196000000000000000e+03
9.187000000000000000e+03
9.217000000000000000e+03
9.184000000000000000e+03
9.169000000000000000e+03
9.094000000000000000e+03
9.081000000000000000e+03
