6.530000000000000000e+02
6.450000000000000000e+02
6.210000000000000000e+02
6.170000000000000000e+02
5.910000000000000000e+02
5.450000000000000000e+02
5.080000000000000000e+02
4.840000000000000000e+02
4.730000000000000000e+02
4.910000000000000000e+02
5.030000000000000000e+02
5.350000000000000000e+02
5.640000000000000000e+02
5.890000000000000000e+02
6.050000000000000000e+02
6.580000000000000000e+02
7.070000000000000000e+02
7.510000000000000000e+02
7.580000000000000000e+02
7.550000000000000000e+02
7.770000000000000000e+02
7.780000000000000000e+02
7.900000000000000000e+02
7.920000000000000000e+02
8.050000000000000000e+02
8.410000000000000000e+02
8.690000000000000000e+02
8.980000000000000000e+02
9.170000000000000000e+02
9.550000000000000000e+02
9.650000000000000000e+02
1.005000000000000000e+03
