6.630000000000000000e+02
6.760000000000000000e+02
6.520000000000000000e+02
6.520000000000000000e+02
6.520000000000000000e+02
6.430000000000000000e+02
6.580000000000000000e+02
6.590000000000000000e+02
6.620000000000000000e+02
6.550000000000000000e+02
6.290000000000000000e+02
6.510000000000000000e+02
6.300000000000000000e+02
6.140000000000000000e+02
5.830000000000000000e+02
5.430000000000000000e+02
5.110000000000000000e+02
4.830000000000000000e+02
4.750000000000000000e+02
4.910000000000000000e+02
4.960000000000000000e+02
5.090000000000000000e+02
5.390000000000000000e+02
5.660000000000000000e+02
5.890000000000000000e+02
6.450000000000000000e+02
6.900000000000000000e+02
7.320000000000000000e+02
7.420000000000000000e+02
7.290000000000000000e+02
7.450000000000000000e+02
7.480000000000000000e+02
