7.450000000000000000e+02
7.410000000000000000e+02
7.230000000000000000e+02
7.110000000000000000e+02
6.810000000000000000e+02
6.620000000000000000e+02
6.500000000000000000e+02
6.500000000000000000e+02
6.770000000000000000e+02
6.520000000000000000e+02
6.470000000000000000e+02
6.650000000000000000e+02
6.360000000000000000e+02
6.400000000000000000e+02
6.410000000000000000e+02
6.350000000000000000e+02
6.230000000000000000e+02
6.140000000000000000e+02
6.170000000000000000e+02
6.310000000000000000e+02
6.230000000000000000e+02
6.190000000000000000e+02
6.550000000000000000e+02
6.670000000000000000e+02
6.750000000000000000e+02
6.910000000000000000e+02
6.940000000000000000e+02
7.300000000000000000e+02
7.390000000000000000e+02
7.410000000000000000e+02
7.560000000000000000e+02
7.680000000000000000e+02
