1.700000000000000000e+02
1.720000000000000000e+02
1.630000000000000000e+02
1.580000000000000000e+02
1.600000000000000000e+02
1.540000000000000000e+02
1.430000000000000000e+02
1.360000000000000000e+02
1.210000000000000000e+02
1.080000000000000000e+02
1.000000000000000000e+02
1.000000000000000000e+02
8.800000000000000000e+01
8.300000000000000000e+01
8.600000000000000000e+01
7.900000000000000000e+01
9.300000000000000000e+01
1.080000000000000000e+02
1.150000000000000000e+02
1.190000000000000000e+02
1.300000000000000000e+02
1.330000000000000000e+02
1.590000000000000000e+02
1.720000000000000000e+02
1.920000000000000000e+02
2.020000000000000000e+02
1.990000000000000000e+02
2.110000000000000000e+02
2.020000000000000000e+02
1.980000000000000000e+02
2.020000000000000000e+02
1.990000000000000000e+02
