1.179000000000000000e+03
1.163000000000000000e+03
1.177000000000000000e+03
1.185000000000000000e+03
1.199000000000000000e+03
1.207000000000000000e+03
1.203000000000000000e+03
1.187000000000000000e+03
1.202000000000000000e+03
1.199000000000000000e+03
1.183000000000000000e+03
1.168000000000000000e+03
1.178000000000000000e+03
1.169000000000000000e+03
1.162000000000000000e+03
1.134000000000000000e+03
1.135000000000000000e+03
1.125000000000000000e+03
1.112000000000000000e+03
1.104000000000000000e+03
1.124000000000000000e+03
1.095000000000000000e+03
1.080000000000000000e+03
1.091000000000000000e+03
1.093000000000000000e+03
1.089000000000000000e+03
1.084000000000000000e+03
1.078000000000000000e+03
1.054000000000000000e+03
1.045000000000000000e+03
1.045000000000000000e+03
1.040000000000000000e+03
