7.070000000000000000e+02
7.070000000000000000e+02
7.200000000000000000e+02
7.070000000000000000e+02
6.910000000000000000e+02
6.880000000000000000e+02
6.770000000000000000e+02
6.580000000000000000e+02
6.370000000000000000e+02
6.300000000000000000e+02
6.320000000000000000e+02
6.040000000000000000e+02
5.950000000000000000e+02
6.010000000000000000e+02
6.170000000000000000e+02
6.290000000000000000e+02
6.240000000000000000e+02
6.140000000000000000e+02
6.340000000000000000e+02
6.250000000000000000e+02
6.360000000000000000e+02
6.590000000000000000e+02
6.600000000000000000e+02
6.710000000000000000e+02
6.720000000000000000e+02
6.750000000000000000e+02
6.880000000000000000e+02
6.930000000000000000e+02
7.030000000000000000e+02
7.020000000000000000e+02
6.980000000000000000e+02
6.730000000000000000e+02
