1.072800000000000000e+04
1.072900000000000000e+04
1.072600000000000000e+04
1.071700000000000000e+04
1.075800000000000000e+04
1.079000000000000000e+04
1.080600000000000000e+04
1.077600000000000000e+04
1.079800000000000000e+04
1.080900000000000000e+04
1.081300000000000000e+04
1.082600000000000000e+04
1.084000000000000000e+04
1.084300000000000000e+04
1.085900000000000000e+04
1.087200000000000000e+04
1.087200000000000000e+04
1.083100000000000000e+04
1.080000000000000000e+04
1.078500000000000000e+04
1.077600000000000000e+04
1.063800000000000000e+04
1.064800000000000000e+04
1.053900000000000000e+04
1.042500000000000000e+04
1.038100000000000000e+04
1.041500000000000000e+04
1.036100000000000000e+04
1.035200000000000000e+04
1.032900000000000000e+04
1.020600000000000000e+04
1.016700000000000000e+04
