6.790000000000000000e+02
6.850000000000000000e+02
6.910000000000000000e+02
6.950000000000000000e+02
7.030000000000000000e+02
7.150000000000000000e+02
7.160000000000000000e+02
7.320000000000000000e+02
7.150000000000000000e+02
7.240000000000000000e+02
7.500000000000000000e+02
7.660000000000000000e+02
7.750000000000000000e+02
7.680000000000000000e+02
7.670000000000000000e+02
7.640000000000000000e+02
7.550000000000000000e+02
7.540000000000000000e+02
7.770000000000000000e+02
7.750000000000000000e+02
7.560000000000000000e+02
7.560000000000000000e+02
7.500000000000000000e+02
7.780000000000000000e+02
8.030000000000000000e+02
7.980000000000000000e+02
7.940000000000000000e+02
7.940000000000000000e+02
7.820000000000000000e+02
7.960000000000000000e+02
7.950000000000000000e+02
8.210000000000000000e+02
