1.079000000000000000e+03
1.088000000000000000e+03
1.050000000000000000e+03
1.057000000000000000e+03
1.072000000000000000e+03
1.156000000000000000e+03
1.208000000000000000e+03
1.254000000000000000e+03
1.274000000000000000e+03
1.305000000000000000e+03
1.361000000000000000e+03
1.384000000000000000e+03
1.412000000000000000e+03
1.396000000000000000e+03
1.411000000000000000e+03
1.461000000000000000e+03
1.448000000000000000e+03
1.451000000000000000e+03
1.451000000000000000e+03
1.484000000000000000e+03
1.487000000000000000e+03
1.470000000000000000e+03
1.466000000000000000e+03
1.496000000000000000e+03
1.502000000000000000e+03
1.482000000000000000e+03
1.479000000000000000e+03
1.472000000000000000e+03
1.465000000000000000e+03
1.467000000000000000e+03
1.458000000000000000e+03
1.468000000000000000e+03
