8.720000000000000000e+02
8.790000000000000000e+02
8.940000000000000000e+02
8.910000000000000000e+02
8.870000000000000000e+02
8.760000000000000000e+02
8.670000000000000000e+02
8.640000000000000000e+02
8.880000000000000000e+02
8.840000000000000000e+02
8.620000000000000000e+02
8.520000000000000000e+02
8.560000000000000000e+02
8.740000000000000000e+02
8.870000000000000000e+02
8.780000000000000000e+02
8.820000000000000000e+02
8.800000000000000000e+02
8.570000000000000000e+02
8.720000000000000000e+02
8.860000000000000000e+02
9.170000000000000000e+02
9.500000000000000000e+02
9.640000000000000000e+02
9.530000000000000000e+02
9.440000000000000000e+02
9.380000000000000000e+02
9.250000000000000000e+02
9.650000000000000000e+02
9.610000000000000000e+02
9.590000000000000000e+02
9.650000000000000000e+02
