9.930000000000000000e+02
1.010000000000000000e+03
1.035000000000000000e+03
1.063000000000000000e+03
1.058000000000000000e+03
1.034000000000000000e+03
1.024000000000000000e+03
1.026000000000000000e+03
1.068000000000000000e+03
1.067000000000000000e+03
1.071000000000000000e+03
1.071000000000000000e+03
1.044000000000000000e+03
1.041000000000000000e+03
1.060000000000000000e+03
1.141000000000000000e+03
1.181000000000000000e+03
1.236000000000000000e+03
1.264000000000000000e+03
1.300000000000000000e+03
1.346000000000000000e+03
1.365000000000000000e+03
1.387000000000000000e+03
1.361000000000000000e+03
1.377000000000000000e+03
1.422000000000000000e+03
1.415000000000000000e+03
1.422000000000000000e+03
1.425000000000000000e+03
1.455000000000000000e+03
1.450000000000000000e+03
1.444000000000000000e+03
