2.554000000000000000e+03
2.587000000000000000e+03
2.614000000000000000e+03
2.637000000000000000e+03
2.640000000000000000e+03
2.634000000000000000e+03
2.659000000000000000e+03
2.662000000000000000e+03
2.669000000000000000e+03
2.672000000000000000e+03
2.688000000000000000e+03
2.680000000000000000e+03
2.702000000000000000e+03
2.711000000000000000e+03
2.700000000000000000e+03
2.711000000000000000e+03
2.718000000000000000e+03
2.739000000000000000e+03
2.756000000000000000e+03
2.754000000000000000e+03
2.763000000000000000e+03
3.036000000000000000e+03
3.073000000000000000e+03
3.091000000000000000e+03
3.097000000000000000e+03
3.104000000000000000e+03
3.095000000000000000e+03
3.105000000000000000e+03
3.135000000000000000e+03
3.140000000000000000e+03
3.162000000000000000e+03
3.209000000000000000e+03
