1.720000000000000000e+02
1.800000000000000000e+02
1.810000000000000000e+02
1.780000000000000000e+02
1.770000000000000000e+02
1.690000000000000000e+02
1.570000000000000000e+02
1.420000000000000000e+02
1.340000000000000000e+02
1.210000000000000000e+02
1.170000000000000000e+02
1.230000000000000000e+02
1.190000000000000000e+02
1.140000000000000000e+02
1.170000000000000000e+02
1.240000000000000000e+02
1.320000000000000000e+02
1.560000000000000000e+02
1.590000000000000000e+02
1.710000000000000000e+02
1.780000000000000000e+02
2.280000000000000000e+02
2.390000000000000000e+02
2.460000000000000000e+02
2.470000000000000000e+02
2.650000000000000000e+02
2.570000000000000000e+02
2.490000000000000000e+02
2.550000000000000000e+02
2.580000000000000000e+02
2.610000000000000000e+02
2.740000000000000000e+02
