3.386000000000000000e+03
3.360000000000000000e+03
3.302000000000000000e+03
3.254000000000000000e+03
3.194000000000000000e+03
3.155000000000000000e+03
3.111000000000000000e+03
3.058000000000000000e+03
3.018000000000000000e+03
2.995000000000000000e+03
2.940000000000000000e+03
2.879000000000000000e+03
2.816000000000000000e+03
2.761000000000000000e+03
2.744000000000000000e+03
2.715000000000000000e+03
2.694000000000000000e+03
2.643000000000000000e+03
2.616000000000000000e+03
2.601000000000000000e+03
2.583000000000000000e+03
2.554000000000000000e+03
2.537000000000000000e+03
2.526000000000000000e+03
2.530000000000000000e+03
2.513000000000000000e+03
2.512000000000000000e+03
2.494000000000000000e+03
2.478000000000000000e+03
2.462000000000000000e+03
2.480000000000000000e+03
2.493000000000000000e+03
