7.010000000000000000e+02
6.860000000000000000e+02
7.180000000000000000e+02
7.320000000000000000e+02
7.220000000000000000e+02
7.260000000000000000e+02
7.460000000000000000e+02
7.640000000000000000e+02
7.630000000000000000e+02
7.600000000000000000e+02
7.760000000000000000e+02
7.960000000000000000e+02
7.740000000000000000e+02
7.910000000000000000e+02
7.950000000000000000e+02
7.860000000000000000e+02
7.810000000000000000e+02
7.660000000000000000e+02
7.570000000000000000e+02
7.550000000000000000e+02
7.410000000000000000e+02
7.590000000000000000e+02
7.520000000000000000e+02
7.280000000000000000e+02
7.190000000000000000e+02
7.310000000000000000e+02
7.310000000000000000e+02
7.490000000000000000e+02
7.460000000000000000e+02
7.340000000000000000e+02
7.360000000000000000e+02
7.540000000000000000e+02
