9.430000000000000000e+02
9.250000000000000000e+02
9.180000000000000000e+02
8.920000000000000000e+02
8.730000000000000000e+02
8.740000000000000000e+02
8.600000000000000000e+02
8.810000000000000000e+02
8.560000000000000000e+02
8.520000000000000000e+02
8.540000000000000000e+02
8.490000000000000000e+02
8.510000000000000000e+02
8.550000000000000000e+02
8.550000000000000000e+02
8.400000000000000000e+02
8.270000000000000000e+02
8.220000000000000000e+02
8.440000000000000000e+02
8.610000000000000000e+02
8.680000000000000000e+02
9.410000000000000000e+02
9.460000000000000000e+02
9.730000000000000000e+02
1.027000000000000000e+03
1.054000000000000000e+03
1.123000000000000000e+03
1.169000000000000000e+03
1.187000000000000000e+03
1.217000000000000000e+03
1.247000000000000000e+03
1.255000000000000000e+03
