9.180000000000000000e+02
9.310000000000000000e+02
9.400000000000000000e+02
9.650000000000000000e+02
1.028000000000000000e+03
1.047000000000000000e+03
1.117000000000000000e+03
1.172000000000000000e+03
1.198000000000000000e+03
1.226000000000000000e+03
1.252000000000000000e+03
1.267000000000000000e+03
1.286000000000000000e+03
1.318000000000000000e+03
1.294000000000000000e+03
1.294000000000000000e+03
1.284000000000000000e+03
1.284000000000000000e+03
1.289000000000000000e+03
1.324000000000000000e+03
1.346000000000000000e+03
1.384000000000000000e+03
1.426000000000000000e+03
1.409000000000000000e+03
1.421000000000000000e+03
1.436000000000000000e+03
1.431000000000000000e+03
1.482000000000000000e+03
1.496000000000000000e+03
1.477000000000000000e+03
1.451000000000000000e+03
1.446000000000000000e+03
