9.080000000000000000e+02
9.020000000000000000e+02
8.990000000000000000e+02
9.080000000000000000e+02
8.990000000000000000e+02
8.940000000000000000e+02
8.790000000000000000e+02
8.600000000000000000e+02
8.950000000000000000e+02
9.060000000000000000e+02
9.130000000000000000e+02
9.220000000000000000e+02
9.320000000000000000e+02
9.550000000000000000e+02
1.007000000000000000e+03
1.035000000000000000e+03
1.094000000000000000e+03
1.133000000000000000e+03
1.171000000000000000e+03
1.201000000000000000e+03
1.234000000000000000e+03
1.319000000000000000e+03
1.311000000000000000e+03
1.318000000000000000e+03
1.323000000000000000e+03
1.318000000000000000e+03
1.303000000000000000e+03
1.303000000000000000e+03
1.303000000000000000e+03
1.320000000000000000e+03
1.341000000000000000e+03
1.355000000000000000e+03
