1.371000000000000000e+03
1.365000000000000000e+03
1.392000000000000000e+03
1.406000000000000000e+03
1.385000000000000000e+03
1.379000000000000000e+03
1.404000000000000000e+03
1.394000000000000000e+03
1.398000000000000000e+03
1.394000000000000000e+03
1.401000000000000000e+03
1.410000000000000000e+03
1.389000000000000000e+03
1.381000000000000000e+03
1.381000000000000000e+03
1.385000000000000000e+03
1.366000000000000000e+03
1.380000000000000000e+03
1.363000000000000000e+03
1.357000000000000000e+03
1.350000000000000000e+03
1.198000000000000000e+03
1.154000000000000000e+03
1.143000000000000000e+03
1.132000000000000000e+03
1.112000000000000000e+03
1.084000000000000000e+03
1.042000000000000000e+03
1.050000000000000000e+03
1.016000000000000000e+03
9.690000000000000000e+02
9.230000000000000000e+02
