9.580000000000000000e+02
9.720000000000000000e+02
9.540000000000000000e+02
9.590000000000000000e+02
9.300000000000000000e+02
9.250000000000000000e+02
9.060000000000000000e+02
8.990000000000000000e+02
8.790000000000000000e+02
8.780000000000000000e+02
8.670000000000000000e+02
8.660000000000000000e+02
8.470000000000000000e+02
8.250000000000000000e+02
8.470000000000000000e+02
8.330000000000000000e+02
8.220000000000000000e+02
8.080000000000000000e+02
7.980000000000000000e+02
7.780000000000000000e+02
7.800000000000000000e+02
7.700000000000000000e+02
7.700000000000000000e+02
7.700000000000000000e+02
7.860000000000000000e+02
7.920000000000000000e+02
8.220000000000000000e+02
8.310000000000000000e+02
8.350000000000000000e+02
8.450000000000000000e+02
8.630000000000000000e+02
8.730000000000000000e+02
