1.233500000000000000e+04
1.234800000000000000e+04
1.235800000000000000e+04
1.239800000000000000e+04
1.240000000000000000e+04
1.239400000000000000e+04
1.243600000000000000e+04
1.247700000000000000e+04
1.250200000000000000e+04
1.252000000000000000e+04
1.254600000000000000e+04
1.253700000000000000e+04
1.258600000000000000e+04
1.259700000000000000e+04
1.257600000000000000e+04
1.259500000000000000e+04
1.258300000000000000e+04
1.260200000000000000e+04
1.264900000000000000e+04
1.272800000000000000e+04
1.274700000000000000e+04
1.264400000000000000e+04
1.263400000000000000e+04
1.262200000000000000e+04
1.262300000000000000e+04
1.261200000000000000e+04
1.258600000000000000e+04
1.256100000000000000e+04
1.254400000000000000e+04
1.251300000000000000e+04
1.243400000000000000e+04
1.238400000000000000e+04
