1.406000000000000000e+03
1.405000000000000000e+03
1.383000000000000000e+03
1.388000000000000000e+03
1.377000000000000000e+03
1.370000000000000000e+03
1.349000000000000000e+03
1.348000000000000000e+03
1.345000000000000000e+03
1.311000000000000000e+03
1.314000000000000000e+03
1.311000000000000000e+03
1.296000000000000000e+03
1.284000000000000000e+03
1.269000000000000000e+03
1.261000000000000000e+03
1.238000000000000000e+03
1.207000000000000000e+03
1.184000000000000000e+03
1.155000000000000000e+03
1.120000000000000000e+03
1.048000000000000000e+03
1.001000000000000000e+03
9.840000000000000000e+02
9.630000000000000000e+02
9.720000000000000000e+02
9.460000000000000000e+02
9.270000000000000000e+02
9.080000000000000000e+02
9.290000000000000000e+02
8.970000000000000000e+02
9.120000000000000000e+02
