1.304000000000000000e+03
1.322000000000000000e+03
1.359000000000000000e+03
1.378000000000000000e+03
1.380000000000000000e+03
1.385000000000000000e+03
1.415000000000000000e+03
1.374000000000000000e+03
1.390000000000000000e+03
1.400000000000000000e+03
1.383000000000000000e+03
1.352000000000000000e+03
1.264000000000000000e+03
1.192000000000000000e+03
1.108000000000000000e+03
1.014000000000000000e+03
9.390000000000000000e+02
9.550000000000000000e+02
9.900000000000000000e+02
1.029000000000000000e+03
1.087000000000000000e+03
1.157000000000000000e+03
1.258000000000000000e+03
1.333000000000000000e+03
1.448000000000000000e+03
1.574000000000000000e+03
1.705000000000000000e+03
1.791000000000000000e+03
1.785000000000000000e+03
1.836000000000000000e+03
1.874000000000000000e+03
1.896000000000000000e+03
