3.070000000000000000e+02
3.090000000000000000e+02
3.240000000000000000e+02
3.220000000000000000e+02
3.170000000000000000e+02
3.040000000000000000e+02
2.920000000000000000e+02
2.640000000000000000e+02
2.360000000000000000e+02
2.220000000000000000e+02
2.010000000000000000e+02
1.880000000000000000e+02
1.520000000000000000e+02
1.450000000000000000e+02
1.570000000000000000e+02
1.630000000000000000e+02
1.870000000000000000e+02
2.140000000000000000e+02
2.380000000000000000e+02
2.740000000000000000e+02
2.970000000000000000e+02
3.270000000000000000e+02
3.510000000000000000e+02
3.670000000000000000e+02
3.650000000000000000e+02
3.840000000000000000e+02
3.880000000000000000e+02
4.140000000000000000e+02
4.190000000000000000e+02
4.100000000000000000e+02
4.080000000000000000e+02
4.220000000000000000e+02
