1.178000000000000000e+03
1.176000000000000000e+03
1.153000000000000000e+03
1.159000000000000000e+03
1.121000000000000000e+03
1.096000000000000000e+03
1.116000000000000000e+03
1.095000000000000000e+03
1.090000000000000000e+03
1.104000000000000000e+03
1.087000000000000000e+03
1.076000000000000000e+03
1.065000000000000000e+03
1.042000000000000000e+03
1.050000000000000000e+03
1.066000000000000000e+03
1.039000000000000000e+03
1.062000000000000000e+03
1.081000000000000000e+03
1.057000000000000000e+03
1.052000000000000000e+03
1.085000000000000000e+03
1.133000000000000000e+03
1.145000000000000000e+03
1.170000000000000000e+03
1.196000000000000000e+03
1.217000000000000000e+03
1.178000000000000000e+03
1.203000000000000000e+03
1.200000000000000000e+03
1.189000000000000000e+03
1.181000000000000000e+03
