1.124000000000000000e+03
1.186000000000000000e+03
1.268000000000000000e+03
1.356000000000000000e+03
1.458000000000000000e+03
1.603000000000000000e+03
1.735000000000000000e+03
1.816000000000000000e+03
1.814000000000000000e+03
1.857000000000000000e+03
1.907000000000000000e+03
1.928000000000000000e+03
1.954000000000000000e+03
1.998000000000000000e+03
2.017000000000000000e+03
2.022000000000000000e+03
2.005000000000000000e+03
2.008000000000000000e+03
2.016000000000000000e+03
2.051000000000000000e+03
1.995000000000000000e+03
2.013000000000000000e+03
2.031000000000000000e+03
2.046000000000000000e+03
2.012000000000000000e+03
2.010000000000000000e+03
1.989000000000000000e+03
2.000000000000000000e+03
2.001000000000000000e+03
1.950000000000000000e+03
1.968000000000000000e+03
1.983000000000000000e+03
