2.697200000000000000e+04
2.700300000000000000e+04
2.707300000000000000e+04
2.728600000000000000e+04
2.738400000000000000e+04
2.748000000000000000e+04
2.745300000000000000e+04
2.753400000000000000e+04
2.760100000000000000e+04
2.770400000000000000e+04
2.774000000000000000e+04
2.782900000000000000e+04
2.789100000000000000e+04
2.793300000000000000e+04
2.797500000000000000e+04
2.799500000000000000e+04
2.797100000000000000e+04
2.795000000000000000e+04
2.794900000000000000e+04
2.800900000000000000e+04
2.811300000000000000e+04
2.800300000000000000e+04
2.796500000000000000e+04
2.795000000000000000e+04
2.797500000000000000e+04
2.795000000000000000e+04
2.797800000000000000e+04
2.802200000000000000e+04
2.797900000000000000e+04
2.798200000000000000e+04
2.785300000000000000e+04
2.781200000000000000e+04
