1.040000000000000000e+02
1.070000000000000000e+02
1.140000000000000000e+02
1.080000000000000000e+02
1.220000000000000000e+02
1.310000000000000000e+02
1.270000000000000000e+02
1.340000000000000000e+02
1.420000000000000000e+02
1.430000000000000000e+02
1.450000000000000000e+02
1.490000000000000000e+02
1.480000000000000000e+02
1.600000000000000000e+02
1.560000000000000000e+02
1.470000000000000000e+02
1.420000000000000000e+02
1.180000000000000000e+02
1.170000000000000000e+02
1.020000000000000000e+02
1.040000000000000000e+02
9.100000000000000000e+01
9.200000000000000000e+01
8.900000000000000000e+01
1.140000000000000000e+02
1.130000000000000000e+02
1.150000000000000000e+02
1.220000000000000000e+02
1.350000000000000000e+02
1.420000000000000000e+02
1.500000000000000000e+02
1.600000000000000000e+02
