3.284000000000000000e+03
3.264000000000000000e+03
3.238000000000000000e+03
3.245000000000000000e+03
3.266000000000000000e+03
3.254000000000000000e+03
3.239000000000000000e+03
3.200000000000000000e+03
3.171000000000000000e+03
3.173000000000000000e+03
3.177000000000000000e+03
3.170000000000000000e+03
3.134000000000000000e+03
3.046000000000000000e+03
2.984000000000000000e+03
2.931000000000000000e+03
2.869000000000000000e+03
2.844000000000000000e+03
2.819000000000000000e+03
2.773000000000000000e+03
2.716000000000000000e+03
2.630000000000000000e+03
2.589000000000000000e+03
2.548000000000000000e+03
2.535000000000000000e+03
2.510000000000000000e+03
2.494000000000000000e+03
2.483000000000000000e+03
2.428000000000000000e+03
2.415000000000000000e+03
2.357000000000000000e+03
2.339000000000000000e+03
