2.738000000000000000e+03
2.665000000000000000e+03
2.611000000000000000e+03
2.589000000000000000e+03
2.580000000000000000e+03
2.575000000000000000e+03
2.546000000000000000e+03
2.523000000000000000e+03
2.475000000000000000e+03
2.458000000000000000e+03
2.430000000000000000e+03
2.393000000000000000e+03
2.403000000000000000e+03
2.407000000000000000e+03
2.365000000000000000e+03
2.386000000000000000e+03
2.369000000000000000e+03
2.345000000000000000e+03
2.348000000000000000e+03
2.350000000000000000e+03
2.338000000000000000e+03
2.336000000000000000e+03
2.289000000000000000e+03
2.298000000000000000e+03
2.298000000000000000e+03
2.238000000000000000e+03
2.245000000000000000e+03
2.290000000000000000e+03
2.324000000000000000e+03
2.333000000000000000e+03
2.367000000000000000e+03
2.419000000000000000e+03
