3.610000000000000000e+02
3.670000000000000000e+02
3.740000000000000000e+02
3.760000000000000000e+02
3.720000000000000000e+02
3.670000000000000000e+02
3.530000000000000000e+02
3.240000000000000000e+02
3.070000000000000000e+02
2.860000000000000000e+02
2.680000000000000000e+02
2.390000000000000000e+02
2.280000000000000000e+02
2.130000000000000000e+02
2.290000000000000000e+02
2.370000000000000000e+02
2.630000000000000000e+02
2.850000000000000000e+02
3.220000000000000000e+02
3.450000000000000000e+02
3.670000000000000000e+02
3.910000000000000000e+02
4.090000000000000000e+02
4.190000000000000000e+02
4.090000000000000000e+02
4.420000000000000000e+02
4.880000000000000000e+02
4.980000000000000000e+02
4.940000000000000000e+02
5.050000000000000000e+02
5.280000000000000000e+02
5.410000000000000000e+02
