2.550000000000000000e+03
2.602000000000000000e+03
2.670000000000000000e+03
2.718000000000000000e+03
2.746000000000000000e+03
2.813000000000000000e+03
2.802000000000000000e+03
2.827000000000000000e+03
2.828000000000000000e+03
2.852000000000000000e+03
2.804000000000000000e+03
2.795000000000000000e+03
2.763000000000000000e+03
2.805000000000000000e+03
2.780000000000000000e+03
2.805000000000000000e+03
2.809000000000000000e+03
2.842000000000000000e+03
2.872000000000000000e+03
2.889000000000000000e+03
2.979000000000000000e+03
3.026000000000000000e+03
3.018000000000000000e+03
3.035000000000000000e+03
3.084000000000000000e+03
3.054000000000000000e+03
3.083000000000000000e+03
3.102000000000000000e+03
3.098000000000000000e+03
3.082000000000000000e+03
3.053000000000000000e+03
3.039000000000000000e+03
