7.670000000000000000e+02
8.390000000000000000e+02
8.910000000000000000e+02
9.280000000000000000e+02
9.250000000000000000e+02
9.420000000000000000e+02
1.004000000000000000e+03
1.021000000000000000e+03
1.026000000000000000e+03
1.037000000000000000e+03
1.079000000000000000e+03
1.094000000000000000e+03
1.132000000000000000e+03
1.170000000000000000e+03
1.202000000000000000e+03
1.218000000000000000e+03
1.244000000000000000e+03
1.288000000000000000e+03
1.321000000000000000e+03
1.400000000000000000e+03
1.417000000000000000e+03
1.449000000000000000e+03
1.438000000000000000e+03
1.433000000000000000e+03
1.440000000000000000e+03
1.466000000000000000e+03
1.467000000000000000e+03
1.460000000000000000e+03
1.459000000000000000e+03
1.429000000000000000e+03
1.418000000000000000e+03
1.425000000000000000e+03
