1.298450000000000000e+05
1.289870000000000000e+05
1.278640000000000000e+05
1.264940000000000000e+05
1.248360000000000000e+05
1.227150000000000000e+05
1.215310000000000000e+05
1.203440000000000000e+05
1.183730000000000000e+05
1.155670000000000000e+05
1.130490000000000000e+05
1.101620000000000000e+05
1.078580000000000000e+05
1.061400000000000000e+05
1.043900000000000000e+05
1.029570000000000000e+05
1.013790000000000000e+05
9.974900000000000000e+04
9.884200000000000000e+04
9.832000000000000000e+04
9.730300000000000000e+04
9.617200000000000000e+04
9.553600000000000000e+04
9.462400000000000000e+04
9.389300000000000000e+04
9.369100000000000000e+04
9.338900000000000000e+04
9.279800000000000000e+04
9.226900000000000000e+04
9.168100000000000000e+04
9.179800000000000000e+04
9.134500000000000000e+04
