4.094000000000000000e+03
4.042000000000000000e+03
4.024000000000000000e+03
3.971000000000000000e+03
3.946000000000000000e+03
3.907000000000000000e+03
3.855000000000000000e+03
3.805000000000000000e+03
3.750000000000000000e+03
3.698000000000000000e+03
3.623000000000000000e+03
3.543000000000000000e+03
3.476000000000000000e+03
3.430000000000000000e+03
3.387000000000000000e+03
3.335000000000000000e+03
3.330000000000000000e+03
3.284000000000000000e+03
3.268000000000000000e+03
3.287000000000000000e+03
3.248000000000000000e+03
3.231000000000000000e+03
3.227000000000000000e+03
3.235000000000000000e+03
3.241000000000000000e+03
3.216000000000000000e+03
3.230000000000000000e+03
3.250000000000000000e+03
3.266000000000000000e+03
3.286000000000000000e+03
3.305000000000000000e+03
3.268000000000000000e+03
