1.111270000000000000e+05
1.118010000000000000e+05
1.123120000000000000e+05
1.132830000000000000e+05
1.112480000000000000e+05
1.087690000000000000e+05
1.052660000000000000e+05
1.044400000000000000e+05
1.058600000000000000e+05
1.068550000000000000e+05
1.076430000000000000e+05
1.091520000000000000e+05
1.102470000000000000e+05
1.122200000000000000e+05
1.164970000000000000e+05
1.224230000000000000e+05
1.292740000000000000e+05
1.340000000000000000e+05
1.354020000000000000e+05
1.380720000000000000e+05
1.408370000000000000e+05
1.437030000000000000e+05
1.460090000000000000e+05
1.482070000000000000e+05
1.496880000000000000e+05
1.511370000000000000e+05
1.511860000000000000e+05
1.522730000000000000e+05
1.535870000000000000e+05
1.539200000000000000e+05
1.530900000000000000e+05
1.522620000000000000e+05
