1.384429000000000000e+06
1.383982000000000000e+06
1.381118000000000000e+06
1.388107000000000000e+06
1.391981000000000000e+06
1.395104000000000000e+06
1.395282000000000000e+06
1.397039000000000000e+06
1.398757000000000000e+06
1.400864000000000000e+06
1.401260000000000000e+06
1.404782000000000000e+06
1.404768000000000000e+06
1.405122000000000000e+06
1.404428000000000000e+06
1.406701000000000000e+06
1.407263000000000000e+06
1.410717000000000000e+06
1.409667000000000000e+06
1.414792000000000000e+06
1.417938000000000000e+06
1.410354000000000000e+06
1.414279000000000000e+06
1.419966000000000000e+06
1.421436000000000000e+06
1.421013000000000000e+06
1.420392000000000000e+06
1.419156000000000000e+06
1.416347000000000000e+06
1.412049000000000000e+06
1.408581000000000000e+06
1.403967000000000000e+06
