1.164000000000000000e+03
1.164000000000000000e+03
1.159000000000000000e+03
1.146000000000000000e+03
1.206000000000000000e+03
1.263000000000000000e+03
1.328000000000000000e+03
1.356000000000000000e+03
1.408000000000000000e+03
1.444000000000000000e+03
1.465000000000000000e+03
1.522000000000000000e+03
1.535000000000000000e+03
1.586000000000000000e+03
1.598000000000000000e+03
1.612000000000000000e+03
1.640000000000000000e+03
1.659000000000000000e+03
1.642000000000000000e+03
1.675000000000000000e+03
1.754000000000000000e+03
1.724000000000000000e+03
1.738000000000000000e+03
1.745000000000000000e+03
1.735000000000000000e+03
1.739000000000000000e+03
1.732000000000000000e+03
1.761000000000000000e+03
1.793000000000000000e+03
1.802000000000000000e+03
1.770000000000000000e+03
1.787000000000000000e+03
