1.330000000000000000e+03
1.269000000000000000e+03
1.271000000000000000e+03
1.233000000000000000e+03
1.212000000000000000e+03
1.211000000000000000e+03
1.209000000000000000e+03
1.187000000000000000e+03
1.173000000000000000e+03
1.196000000000000000e+03
1.188000000000000000e+03
1.195000000000000000e+03
1.177000000000000000e+03
1.172000000000000000e+03
1.145000000000000000e+03
1.146000000000000000e+03
1.139000000000000000e+03
1.134000000000000000e+03
1.109000000000000000e+03
1.093000000000000000e+03
1.081000000000000000e+03
1.057000000000000000e+03
1.019000000000000000e+03
1.010000000000000000e+03
1.036000000000000000e+03
9.850000000000000000e+02
9.800000000000000000e+02
9.750000000000000000e+02
1.003000000000000000e+03
1.020000000000000000e+03
1.009000000000000000e+03
1.018000000000000000e+03
