5.930000000000000000e+02
6.230000000000000000e+02
6.680000000000000000e+02
7.010000000000000000e+02
7.360000000000000000e+02
7.550000000000000000e+02
8.140000000000000000e+02
8.620000000000000000e+02
9.350000000000000000e+02
9.980000000000000000e+02
1.032000000000000000e+03
1.053000000000000000e+03
1.103000000000000000e+03
1.160000000000000000e+03
1.258000000000000000e+03
1.280000000000000000e+03
1.329000000000000000e+03
1.383000000000000000e+03
1.449000000000000000e+03
1.512000000000000000e+03
1.582000000000000000e+03
1.615000000000000000e+03
1.690000000000000000e+03
1.709000000000000000e+03
1.748000000000000000e+03
1.718000000000000000e+03
1.625000000000000000e+03
1.491000000000000000e+03
1.442000000000000000e+03
1.322000000000000000e+03
1.253000000000000000e+03
1.191000000000000000e+03
