1.690000000000000000e+03
1.688000000000000000e+03
1.695000000000000000e+03
1.667000000000000000e+03
1.675000000000000000e+03
1.680000000000000000e+03
1.688000000000000000e+03
1.680000000000000000e+03
1.684000000000000000e+03
1.749000000000000000e+03
1.792000000000000000e+03
1.808000000000000000e+03
1.849000000000000000e+03
1.905000000000000000e+03
1.899000000000000000e+03
1.875000000000000000e+03
1.825000000000000000e+03
1.793000000000000000e+03
1.788000000000000000e+03
1.788000000000000000e+03
1.786000000000000000e+03
1.790000000000000000e+03
1.810000000000000000e+03
1.816000000000000000e+03
1.848000000000000000e+03
1.961000000000000000e+03
2.064000000000000000e+03
2.142000000000000000e+03
2.209000000000000000e+03
2.288000000000000000e+03
2.367000000000000000e+03
2.390000000000000000e+03
