1.484700000000000000e+05
1.513520000000000000e+05
1.531520000000000000e+05
1.558890000000000000e+05
1.574360000000000000e+05
1.590430000000000000e+05
1.588890000000000000e+05
1.597510000000000000e+05
1.610300000000000000e+05
1.614340000000000000e+05
1.602890000000000000e+05
1.593660000000000000e+05
1.582520000000000000e+05
1.580760000000000000e+05
1.567020000000000000e+05
1.560600000000000000e+05
1.550610000000000000e+05
1.547310000000000000e+05
1.541310000000000000e+05
1.544070000000000000e+05
1.548210000000000000e+05
1.548210000000000000e+05
1.551470000000000000e+05
1.558030000000000000e+05
1.560620000000000000e+05
1.563840000000000000e+05
1.570490000000000000e+05
1.571950000000000000e+05
1.575360000000000000e+05
1.571710000000000000e+05
1.568060000000000000e+05
1.560670000000000000e+05
