1.762000000000000000e+03
1.802000000000000000e+03
1.803000000000000000e+03
1.804000000000000000e+03
1.809000000000000000e+03
1.825000000000000000e+03
1.809000000000000000e+03
1.781000000000000000e+03
1.751000000000000000e+03
1.734000000000000000e+03
1.686000000000000000e+03
1.661000000000000000e+03
1.632000000000000000e+03
1.611000000000000000e+03
1.585000000000000000e+03
1.583000000000000000e+03
1.589000000000000000e+03
1.595000000000000000e+03
1.561000000000000000e+03
1.543000000000000000e+03
1.587000000000000000e+03
1.436000000000000000e+03
1.355000000000000000e+03
1.368000000000000000e+03
1.389000000000000000e+03
1.339000000000000000e+03
1.281000000000000000e+03
1.273000000000000000e+03
1.202000000000000000e+03
1.155000000000000000e+03
1.091000000000000000e+03
1.052000000000000000e+03
