4.270000000000000000e+02
4.610000000000000000e+02
4.860000000000000000e+02
4.940000000000000000e+02
4.820000000000000000e+02
5.110000000000000000e+02
5.240000000000000000e+02
5.340000000000000000e+02
5.220000000000000000e+02
5.190000000000000000e+02
5.210000000000000000e+02
5.180000000000000000e+02
5.160000000000000000e+02
5.290000000000000000e+02
5.470000000000000000e+02
5.560000000000000000e+02
5.600000000000000000e+02
5.880000000000000000e+02
5.950000000000000000e+02
6.140000000000000000e+02
6.270000000000000000e+02
6.260000000000000000e+02
6.450000000000000000e+02
6.580000000000000000e+02
6.590000000000000000e+02
6.680000000000000000e+02
6.790000000000000000e+02
6.990000000000000000e+02
7.060000000000000000e+02
6.850000000000000000e+02
6.910000000000000000e+02
6.900000000000000000e+02
