1.616400000000000000e+05
1.603130000000000000e+05
1.584760000000000000e+05
1.590760000000000000e+05
1.580640000000000000e+05
1.573530000000000000e+05
1.561240000000000000e+05
1.555180000000000000e+05
1.548440000000000000e+05
1.545870000000000000e+05
1.543380000000000000e+05
1.549360000000000000e+05
1.546380000000000000e+05
1.545960000000000000e+05
1.548640000000000000e+05
1.553020000000000000e+05
1.562450000000000000e+05
1.566250000000000000e+05
1.569630000000000000e+05
1.575740000000000000e+05
1.578330000000000000e+05
1.562600000000000000e+05
1.560900000000000000e+05
1.556670000000000000e+05
1.548870000000000000e+05
1.528080000000000000e+05
1.506700000000000000e+05
1.487950000000000000e+05
1.477740000000000000e+05
1.467350000000000000e+05
1.467200000000000000e+05
1.463580000000000000e+05
