1.794000000000000000e+03
1.788000000000000000e+03
1.808000000000000000e+03
1.810000000000000000e+03
1.786000000000000000e+03
1.823000000000000000e+03
1.840000000000000000e+03
1.824000000000000000e+03
1.811000000000000000e+03
1.839000000000000000e+03
1.821000000000000000e+03
1.829000000000000000e+03
1.822000000000000000e+03
1.770000000000000000e+03
1.779000000000000000e+03
1.775000000000000000e+03
1.753000000000000000e+03
1.765000000000000000e+03
1.741000000000000000e+03
1.749000000000000000e+03
1.732000000000000000e+03
1.608000000000000000e+03
1.545000000000000000e+03
1.557000000000000000e+03
1.507000000000000000e+03
1.466000000000000000e+03
1.401000000000000000e+03
1.391000000000000000e+03
1.325000000000000000e+03
1.301000000000000000e+03
1.244000000000000000e+03
1.190000000000000000e+03
