2.521000000000000000e+03
2.454000000000000000e+03
2.476000000000000000e+03
2.450000000000000000e+03
2.459000000000000000e+03
2.452000000000000000e+03
2.438000000000000000e+03
2.425000000000000000e+03
2.389000000000000000e+03
2.335000000000000000e+03
2.335000000000000000e+03
2.298000000000000000e+03
2.293000000000000000e+03
2.250000000000000000e+03
2.203000000000000000e+03
2.158000000000000000e+03
2.142000000000000000e+03
2.091000000000000000e+03
2.063000000000000000e+03
2.024000000000000000e+03
1.988000000000000000e+03
1.985000000000000000e+03
1.878000000000000000e+03
1.876000000000000000e+03
1.850000000000000000e+03
1.834000000000000000e+03
1.778000000000000000e+03
1.773000000000000000e+03
1.800000000000000000e+03
1.787000000000000000e+03
1.695000000000000000e+03
1.700000000000000000e+03
