1.143000000000000000e+03
1.187000000000000000e+03
1.187000000000000000e+03
1.203000000000000000e+03
1.218000000000000000e+03
1.218000000000000000e+03
1.242000000000000000e+03
1.301000000000000000e+03
1.284000000000000000e+03
1.300000000000000000e+03
1.315000000000000000e+03
1.329000000000000000e+03
1.333000000000000000e+03
1.350000000000000000e+03
1.376000000000000000e+03
1.376000000000000000e+03
1.353000000000000000e+03
1.345000000000000000e+03
1.382000000000000000e+03
1.363000000000000000e+03
1.353000000000000000e+03
1.351000000000000000e+03
1.364000000000000000e+03
1.368000000000000000e+03
1.377000000000000000e+03
1.393000000000000000e+03
1.400000000000000000e+03
1.407000000000000000e+03
1.414000000000000000e+03
1.479000000000000000e+03
1.505000000000000000e+03
1.532000000000000000e+03
