1.888000000000000000e+03
1.903000000000000000e+03
1.851000000000000000e+03
1.846000000000000000e+03
1.819000000000000000e+03
1.800000000000000000e+03
1.747000000000000000e+03
1.726000000000000000e+03
1.741000000000000000e+03
1.718000000000000000e+03
1.689000000000000000e+03
1.656000000000000000e+03
1.642000000000000000e+03
1.645000000000000000e+03
1.643000000000000000e+03
1.672000000000000000e+03
1.686000000000000000e+03
1.667000000000000000e+03
1.628000000000000000e+03
1.626000000000000000e+03
1.644000000000000000e+03
1.641000000000000000e+03
1.695000000000000000e+03
1.689000000000000000e+03
1.713000000000000000e+03
1.682000000000000000e+03
1.666000000000000000e+03
1.666000000000000000e+03
1.687000000000000000e+03
1.687000000000000000e+03
1.700000000000000000e+03
1.716000000000000000e+03
