1.867000000000000000e+03
1.874000000000000000e+03
1.877000000000000000e+03
1.903000000000000000e+03
1.914000000000000000e+03
2.022000000000000000e+03
2.131000000000000000e+03
2.227000000000000000e+03
2.302000000000000000e+03
2.399000000000000000e+03
2.467000000000000000e+03
2.503000000000000000e+03
2.549000000000000000e+03
2.542000000000000000e+03
2.640000000000000000e+03
2.632000000000000000e+03
2.662000000000000000e+03
2.700000000000000000e+03
2.738000000000000000e+03
2.687000000000000000e+03
2.676000000000000000e+03
2.697000000000000000e+03
2.669000000000000000e+03
2.725000000000000000e+03
2.701000000000000000e+03
2.709000000000000000e+03
2.675000000000000000e+03
2.684000000000000000e+03
2.681000000000000000e+03
2.716000000000000000e+03
2.702000000000000000e+03
2.695000000000000000e+03
