1.478750000000000000e+05
1.462060000000000000e+05
1.444640000000000000e+05
1.426770000000000000e+05
1.408690000000000000e+05
1.392070000000000000e+05
1.367320000000000000e+05
1.342440000000000000e+05
1.327270000000000000e+05
1.310640000000000000e+05
1.301660000000000000e+05
1.296240000000000000e+05
1.286470000000000000e+05
1.269640000000000000e+05
1.257130000000000000e+05
1.235070000000000000e+05
1.224790000000000000e+05
1.215670000000000000e+05
1.195690000000000000e+05
1.169060000000000000e+05
1.145680000000000000e+05
1.112160000000000000e+05
1.090780000000000000e+05
1.074780000000000000e+05
1.057350000000000000e+05
1.043010000000000000e+05
1.025260000000000000e+05
1.008770000000000000e+05
1.001290000000000000e+05
9.955000000000000000e+04
9.846700000000000000e+04
9.746400000000000000e+04
