2.344000000000000000e+03
2.284000000000000000e+03
2.305000000000000000e+03
2.371000000000000000e+03
2.367000000000000000e+03
2.383000000000000000e+03
2.357000000000000000e+03
2.399000000000000000e+03
2.418000000000000000e+03
2.405000000000000000e+03
2.416000000000000000e+03
2.474000000000000000e+03
2.472000000000000000e+03
2.481000000000000000e+03
2.508000000000000000e+03
2.550000000000000000e+03
2.527000000000000000e+03
2.545000000000000000e+03
2.575000000000000000e+03
2.647000000000000000e+03
2.636000000000000000e+03
2.640000000000000000e+03
2.658000000000000000e+03
2.621000000000000000e+03
2.608000000000000000e+03
2.570000000000000000e+03
2.534000000000000000e+03
2.516000000000000000e+03
2.477000000000000000e+03
2.420000000000000000e+03
2.381000000000000000e+03
2.373000000000000000e+03
