2.054000000000000000e+03
2.064000000000000000e+03
2.088000000000000000e+03
2.134000000000000000e+03
2.154000000000000000e+03
2.191000000000000000e+03
2.228000000000000000e+03
2.234000000000000000e+03
2.259000000000000000e+03
2.299000000000000000e+03
2.360000000000000000e+03
2.309000000000000000e+03
2.328000000000000000e+03
2.354000000000000000e+03
2.356000000000000000e+03
2.379000000000000000e+03
2.370000000000000000e+03
2.439000000000000000e+03
2.453000000000000000e+03
2.423000000000000000e+03
2.448000000000000000e+03
2.522000000000000000e+03
2.528000000000000000e+03
2.524000000000000000e+03
2.557000000000000000e+03
2.590000000000000000e+03
2.567000000000000000e+03
2.558000000000000000e+03
2.589000000000000000e+03
2.633000000000000000e+03
2.648000000000000000e+03
2.621000000000000000e+03
