1.643000000000000000e+03
1.646000000000000000e+03
1.634000000000000000e+03
1.626000000000000000e+03
1.640000000000000000e+03
1.662000000000000000e+03
1.650000000000000000e+03
1.639000000000000000e+03
1.611000000000000000e+03
1.603000000000000000e+03
1.596000000000000000e+03
1.579000000000000000e+03
1.576000000000000000e+03
1.566000000000000000e+03
1.545000000000000000e+03
1.553000000000000000e+03
1.565000000000000000e+03
1.566000000000000000e+03
1.544000000000000000e+03
1.550000000000000000e+03
1.585000000000000000e+03
1.600000000000000000e+03
1.624000000000000000e+03
1.620000000000000000e+03
1.655000000000000000e+03
1.699000000000000000e+03
1.752000000000000000e+03
1.751000000000000000e+03
1.754000000000000000e+03
1.771000000000000000e+03
1.764000000000000000e+03
1.751000000000000000e+03
