1.088000000000000000e+03
1.089000000000000000e+03
1.070000000000000000e+03
1.062000000000000000e+03
1.065000000000000000e+03
1.076000000000000000e+03
1.080000000000000000e+03
1.119000000000000000e+03
1.120000000000000000e+03
1.132000000000000000e+03
1.143000000000000000e+03
1.118000000000000000e+03
1.095000000000000000e+03
1.033000000000000000e+03
1.016000000000000000e+03
9.530000000000000000e+02
8.950000000000000000e+02
8.570000000000000000e+02
8.870000000000000000e+02
8.690000000000000000e+02
8.950000000000000000e+02
9.530000000000000000e+02
9.990000000000000000e+02
1.068000000000000000e+03
1.101000000000000000e+03
1.200000000000000000e+03
1.303000000000000000e+03
1.367000000000000000e+03
1.356000000000000000e+03
1.404000000000000000e+03
1.426000000000000000e+03
1.449000000000000000e+03
