1.436000000000000000e+03
1.445000000000000000e+03
1.433000000000000000e+03
1.448000000000000000e+03
1.447000000000000000e+03
1.407000000000000000e+03
1.393000000000000000e+03
1.366000000000000000e+03
1.337000000000000000e+03
1.328000000000000000e+03
1.341000000000000000e+03
1.322000000000000000e+03
1.327000000000000000e+03
1.308000000000000000e+03
1.295000000000000000e+03
1.301000000000000000e+03
1.321000000000000000e+03
1.313000000000000000e+03
1.337000000000000000e+03
1.308000000000000000e+03
1.300000000000000000e+03
1.270000000000000000e+03
1.279000000000000000e+03
1.276000000000000000e+03
1.307000000000000000e+03
1.321000000000000000e+03
1.298000000000000000e+03
1.301000000000000000e+03
1.262000000000000000e+03
1.285000000000000000e+03
1.280000000000000000e+03
1.267000000000000000e+03
