9.200000000000000000e+01
1.020000000000000000e+02
1.140000000000000000e+02
1.240000000000000000e+02
1.270000000000000000e+02
1.260000000000000000e+02
1.340000000000000000e+02
1.250000000000000000e+02
1.290000000000000000e+02
1.270000000000000000e+02
1.250000000000000000e+02
1.240000000000000000e+02
1.360000000000000000e+02
1.320000000000000000e+02
1.290000000000000000e+02
1.210000000000000000e+02
1.150000000000000000e+02
1.100000000000000000e+02
1.080000000000000000e+02
9.600000000000000000e+01
8.700000000000000000e+01
8.200000000000000000e+01
6.800000000000000000e+01
6.300000000000000000e+01
7.000000000000000000e+01
7.900000000000000000e+01
1.020000000000000000e+02
1.090000000000000000e+02
1.160000000000000000e+02
1.250000000000000000e+02
1.520000000000000000e+02
1.660000000000000000e+02
