3.370000000000000000e+02
3.360000000000000000e+02
3.550000000000000000e+02
3.400000000000000000e+02
3.520000000000000000e+02
3.230000000000000000e+02
2.990000000000000000e+02
2.750000000000000000e+02
2.550000000000000000e+02
2.370000000000000000e+02
2.040000000000000000e+02
1.880000000000000000e+02
1.580000000000000000e+02
1.570000000000000000e+02
1.710000000000000000e+02
1.820000000000000000e+02
2.200000000000000000e+02
2.430000000000000000e+02
2.610000000000000000e+02
2.890000000000000000e+02
3.090000000000000000e+02
3.410000000000000000e+02
3.660000000000000000e+02
3.780000000000000000e+02
3.740000000000000000e+02
3.800000000000000000e+02
3.640000000000000000e+02
3.680000000000000000e+02
3.740000000000000000e+02
3.900000000000000000e+02
3.900000000000000000e+02
3.830000000000000000e+02
