1.021000000000000000e+03
1.005000000000000000e+03
9.840000000000000000e+02
9.630000000000000000e+02
9.490000000000000000e+02
9.020000000000000000e+02
8.630000000000000000e+02
8.520000000000000000e+02
8.510000000000000000e+02
8.340000000000000000e+02
8.260000000000000000e+02
8.060000000000000000e+02
8.010000000000000000e+02
8.060000000000000000e+02
8.080000000000000000e+02
8.400000000000000000e+02
8.360000000000000000e+02
8.460000000000000000e+02
8.510000000000000000e+02
8.920000000000000000e+02
9.150000000000000000e+02
9.560000000000000000e+02
1.008000000000000000e+03
1.033000000000000000e+03
1.040000000000000000e+03
1.003000000000000000e+03
9.720000000000000000e+02
9.460000000000000000e+02
9.390000000000000000e+02
9.260000000000000000e+02
9.450000000000000000e+02
9.160000000000000000e+02
