1.208000000000000000e+03
1.188000000000000000e+03
1.141000000000000000e+03
1.154000000000000000e+03
1.203000000000000000e+03
1.252000000000000000e+03
1.330000000000000000e+03
1.381000000000000000e+03
1.385000000000000000e+03
1.423000000000000000e+03
1.411000000000000000e+03
1.435000000000000000e+03
1.455000000000000000e+03
1.475000000000000000e+03
1.490000000000000000e+03
1.512000000000000000e+03
1.506000000000000000e+03
1.531000000000000000e+03
1.571000000000000000e+03
1.601000000000000000e+03
1.605000000000000000e+03
1.598000000000000000e+03
1.571000000000000000e+03
1.596000000000000000e+03
1.556000000000000000e+03
1.562000000000000000e+03
1.537000000000000000e+03
1.522000000000000000e+03
1.508000000000000000e+03
1.467000000000000000e+03
1.461000000000000000e+03
1.467000000000000000e+03
