1.090000000000000000e+03
1.135000000000000000e+03
1.191000000000000000e+03
1.226000000000000000e+03
1.233000000000000000e+03
1.172000000000000000e+03
1.136000000000000000e+03
1.112000000000000000e+03
1.119000000000000000e+03
1.094000000000000000e+03
1.108000000000000000e+03
1.096000000000000000e+03
1.068000000000000000e+03
1.071000000000000000e+03
1.106000000000000000e+03
1.160000000000000000e+03
1.229000000000000000e+03
1.278000000000000000e+03
1.278000000000000000e+03
1.321000000000000000e+03
1.324000000000000000e+03
1.326000000000000000e+03
1.367000000000000000e+03
1.390000000000000000e+03
1.409000000000000000e+03
1.435000000000000000e+03
1.431000000000000000e+03
1.449000000000000000e+03
1.466000000000000000e+03
1.480000000000000000e+03
1.477000000000000000e+03
1.484000000000000000e+03
