2.760000000000000000e+03
2.770000000000000000e+03
2.792000000000000000e+03
2.806000000000000000e+03
2.830000000000000000e+03
2.823000000000000000e+03
2.833000000000000000e+03
2.838000000000000000e+03
2.841000000000000000e+03
2.848000000000000000e+03
2.849000000000000000e+03
2.844000000000000000e+03
2.852000000000000000e+03
2.850000000000000000e+03
2.870000000000000000e+03
2.894000000000000000e+03
2.905000000000000000e+03
2.932000000000000000e+03
2.945000000000000000e+03
2.991000000000000000e+03
3.032000000000000000e+03
3.090000000000000000e+03
3.157000000000000000e+03
3.190000000000000000e+03
3.217000000000000000e+03
3.194000000000000000e+03
3.181000000000000000e+03
3.172000000000000000e+03
3.175000000000000000e+03
3.198000000000000000e+03
3.253000000000000000e+03
3.263000000000000000e+03
