1.576000000000000000e+03
1.588000000000000000e+03
1.566000000000000000e+03
1.541000000000000000e+03
1.521000000000000000e+03
1.482000000000000000e+03
1.500000000000000000e+03
1.476000000000000000e+03
1.492000000000000000e+03
1.473000000000000000e+03
1.447000000000000000e+03
1.394000000000000000e+03
1.323000000000000000e+03
1.322000000000000000e+03
1.284000000000000000e+03
1.258000000000000000e+03
1.203000000000000000e+03
1.143000000000000000e+03
1.103000000000000000e+03
1.084000000000000000e+03
1.069000000000000000e+03
1.051000000000000000e+03
1.071000000000000000e+03
1.039000000000000000e+03
1.071000000000000000e+03
1.074000000000000000e+03
1.056000000000000000e+03
1.086000000000000000e+03
1.093000000000000000e+03
1.121000000000000000e+03
1.146000000000000000e+03
1.151000000000000000e+03
