1.671000000000000000e+03
1.668000000000000000e+03
1.644000000000000000e+03
1.688000000000000000e+03
1.653000000000000000e+03
1.665000000000000000e+03
1.655000000000000000e+03
1.653000000000000000e+03
1.635000000000000000e+03
1.592000000000000000e+03
1.581000000000000000e+03
1.600000000000000000e+03
1.588000000000000000e+03
1.540000000000000000e+03
1.498000000000000000e+03
1.437000000000000000e+03
1.461000000000000000e+03
1.447000000000000000e+03
1.450000000000000000e+03
1.438000000000000000e+03
1.403000000000000000e+03
1.339000000000000000e+03
1.293000000000000000e+03
1.291000000000000000e+03
1.259000000000000000e+03
1.228000000000000000e+03
1.165000000000000000e+03
1.127000000000000000e+03
1.092000000000000000e+03
1.049000000000000000e+03
1.022000000000000000e+03
9.980000000000000000e+02
