1.309000000000000000e+03
1.288000000000000000e+03
1.268000000000000000e+03
1.251000000000000000e+03
1.227000000000000000e+03
1.228000000000000000e+03
1.261000000000000000e+03
1.250000000000000000e+03
1.272000000000000000e+03
1.307000000000000000e+03
1.355000000000000000e+03
1.391000000000000000e+03
1.390000000000000000e+03
1.401000000000000000e+03
1.444000000000000000e+03
1.460000000000000000e+03
1.470000000000000000e+03
1.488000000000000000e+03
1.498000000000000000e+03
1.512000000000000000e+03
1.522000000000000000e+03
1.532000000000000000e+03
1.641000000000000000e+03
1.673000000000000000e+03
1.647000000000000000e+03
1.620000000000000000e+03
1.604000000000000000e+03
1.567000000000000000e+03
1.539000000000000000e+03
1.491000000000000000e+03
1.507000000000000000e+03
1.503000000000000000e+03
