1.301000000000000000e+03
1.305000000000000000e+03
1.333000000000000000e+03
1.363000000000000000e+03
1.350000000000000000e+03
1.358000000000000000e+03
1.347000000000000000e+03
1.371000000000000000e+03
1.336000000000000000e+03
1.328000000000000000e+03
1.285000000000000000e+03
1.284000000000000000e+03
1.267000000000000000e+03
1.227000000000000000e+03
1.205000000000000000e+03
1.166000000000000000e+03
1.158000000000000000e+03
1.111000000000000000e+03
1.088000000000000000e+03
1.101000000000000000e+03
1.094000000000000000e+03
1.059000000000000000e+03
1.048000000000000000e+03
1.037000000000000000e+03
1.041000000000000000e+03
1.051000000000000000e+03
1.032000000000000000e+03
1.035000000000000000e+03
1.051000000000000000e+03
1.026000000000000000e+03
1.025000000000000000e+03
1.020000000000000000e+03
