1.211000000000000000e+04
1.203300000000000000e+04
1.200800000000000000e+04
1.208400000000000000e+04
1.213300000000000000e+04
1.216800000000000000e+04
1.221700000000000000e+04
1.226200000000000000e+04
1.232800000000000000e+04
1.238100000000000000e+04
1.247300000000000000e+04
1.266600000000000000e+04
1.272000000000000000e+04
1.275000000000000000e+04
1.287400000000000000e+04
1.288500000000000000e+04
1.300900000000000000e+04
1.310500000000000000e+04
1.319100000000000000e+04
1.332300000000000000e+04
1.345300000000000000e+04
1.344100000000000000e+04
1.401000000000000000e+04
1.424300000000000000e+04
1.422200000000000000e+04
1.422600000000000000e+04
1.419000000000000000e+04
1.419500000000000000e+04
1.415900000000000000e+04
1.418900000000000000e+04
1.416300000000000000e+04
1.420100000000000000e+04
