3.160000000000000000e+02
3.430000000000000000e+02
3.620000000000000000e+02
3.810000000000000000e+02
3.740000000000000000e+02
3.810000000000000000e+02
3.960000000000000000e+02
3.950000000000000000e+02
4.090000000000000000e+02
4.090000000000000000e+02
4.350000000000000000e+02
4.290000000000000000e+02
4.460000000000000000e+02
4.590000000000000000e+02
4.620000000000000000e+02
4.560000000000000000e+02
4.680000000000000000e+02
4.750000000000000000e+02
4.890000000000000000e+02
4.910000000000000000e+02
4.890000000000000000e+02
5.030000000000000000e+02
5.010000000000000000e+02
5.050000000000000000e+02
5.210000000000000000e+02
5.190000000000000000e+02
5.140000000000000000e+02
5.370000000000000000e+02
5.370000000000000000e+02
5.300000000000000000e+02
5.500000000000000000e+02
5.650000000000000000e+02
