1.134000000000000000e+03
1.199000000000000000e+03
1.216000000000000000e+03
1.237000000000000000e+03
1.231000000000000000e+03
1.222000000000000000e+03
1.204000000000000000e+03
1.214000000000000000e+03
1.216000000000000000e+03
1.202000000000000000e+03
1.185000000000000000e+03
1.175000000000000000e+03
1.159000000000000000e+03
1.156000000000000000e+03
1.141000000000000000e+03
1.171000000000000000e+03
1.172000000000000000e+03
1.159000000000000000e+03
1.158000000000000000e+03
1.158000000000000000e+03
1.141000000000000000e+03
1.154000000000000000e+03
1.146000000000000000e+03
1.143000000000000000e+03
1.165000000000000000e+03
1.174000000000000000e+03
1.172000000000000000e+03
1.173000000000000000e+03
1.178000000000000000e+03
1.195000000000000000e+03
1.208000000000000000e+03
1.151000000000000000e+03
