1.504600000000000000e+04
1.508500000000000000e+04
1.506200000000000000e+04
1.513500000000000000e+04
1.517100000000000000e+04
1.520600000000000000e+04
1.520300000000000000e+04
1.524700000000000000e+04
1.524300000000000000e+04
1.525800000000000000e+04
1.525800000000000000e+04
1.526900000000000000e+04
1.525900000000000000e+04
1.525000000000000000e+04
1.523900000000000000e+04
1.525300000000000000e+04
1.525200000000000000e+04
1.527400000000000000e+04
1.531500000000000000e+04
1.532600000000000000e+04
1.536000000000000000e+04
1.528300000000000000e+04
1.532900000000000000e+04
1.538600000000000000e+04
1.531300000000000000e+04
1.530200000000000000e+04
1.520700000000000000e+04
1.519600000000000000e+04
1.520100000000000000e+04
1.517400000000000000e+04
1.510600000000000000e+04
1.508600000000000000e+04
