1.201000000000000000e+03
1.152000000000000000e+03
1.162000000000000000e+03
1.138000000000000000e+03
1.128000000000000000e+03
1.113000000000000000e+03
1.083000000000000000e+03
1.084000000000000000e+03
1.061000000000000000e+03
1.067000000000000000e+03
1.057000000000000000e+03
1.067000000000000000e+03
1.063000000000000000e+03
1.039000000000000000e+03
1.007000000000000000e+03
9.880000000000000000e+02
9.870000000000000000e+02
9.570000000000000000e+02
9.600000000000000000e+02
9.320000000000000000e+02
9.150000000000000000e+02
8.670000000000000000e+02
8.090000000000000000e+02
7.990000000000000000e+02
7.730000000000000000e+02
7.770000000000000000e+02
7.580000000000000000e+02
7.490000000000000000e+02
7.440000000000000000e+02
7.320000000000000000e+02
7.150000000000000000e+02
7.210000000000000000e+02
