1.125000000000000000e+03
1.167000000000000000e+03
1.140000000000000000e+03
1.157000000000000000e+03
1.177000000000000000e+03
1.191000000000000000e+03
1.196000000000000000e+03
1.196000000000000000e+03
1.218000000000000000e+03
1.207000000000000000e+03
1.208000000000000000e+03
1.158000000000000000e+03
1.169000000000000000e+03
1.150000000000000000e+03
1.140000000000000000e+03
1.114000000000000000e+03
1.094000000000000000e+03
1.088000000000000000e+03
1.065000000000000000e+03
1.074000000000000000e+03
1.067000000000000000e+03
1.054000000000000000e+03
1.044000000000000000e+03
1.035000000000000000e+03
9.990000000000000000e+02
9.670000000000000000e+02
9.510000000000000000e+02
9.340000000000000000e+02
9.320000000000000000e+02
8.940000000000000000e+02
8.640000000000000000e+02
8.230000000000000000e+02
