4.200000000000000000e+01
4.600000000000000000e+01
3.900000000000000000e+01
3.600000000000000000e+01
4.300000000000000000e+01
3.700000000000000000e+01
3.200000000000000000e+01
3.000000000000000000e+01
4.000000000000000000e+01
3.700000000000000000e+01
4.500000000000000000e+01
5.100000000000000000e+01
5.600000000000000000e+01
5.500000000000000000e+01
5.800000000000000000e+01
5.900000000000000000e+01
6.200000000000000000e+01
6.000000000000000000e+01
5.600000000000000000e+01
5.500000000000000000e+01
5.300000000000000000e+01
5.100000000000000000e+01
6.100000000000000000e+01
5.600000000000000000e+01
6.700000000000000000e+01
6.700000000000000000e+01
8.300000000000000000e+01
8.800000000000000000e+01
9.300000000000000000e+01
9.400000000000000000e+01
9.800000000000000000e+01
1.050000000000000000e+02
