2.071000000000000000e+03
2.092000000000000000e+03
2.109000000000000000e+03
2.159000000000000000e+03
2.158000000000000000e+03
2.160000000000000000e+03
2.130000000000000000e+03
2.158000000000000000e+03
2.185000000000000000e+03
2.218000000000000000e+03
2.259000000000000000e+03
2.383000000000000000e+03
2.389000000000000000e+03
2.429000000000000000e+03
2.523000000000000000e+03
2.650000000000000000e+03
2.815000000000000000e+03
2.953000000000000000e+03
3.015000000000000000e+03
3.068000000000000000e+03
3.184000000000000000e+03
3.234000000000000000e+03
3.323000000000000000e+03
3.392000000000000000e+03
3.484000000000000000e+03
3.628000000000000000e+03
3.659000000000000000e+03
3.709000000000000000e+03
3.837000000000000000e+03
3.914000000000000000e+03
3.869000000000000000e+03
3.917000000000000000e+03
