2.078000000000000000e+03
2.101000000000000000e+03
2.059000000000000000e+03
2.081000000000000000e+03
2.074000000000000000e+03
2.050000000000000000e+03
2.012000000000000000e+03
2.013000000000000000e+03
1.982000000000000000e+03
1.964000000000000000e+03
1.990000000000000000e+03
2.048000000000000000e+03
2.064000000000000000e+03
2.063000000000000000e+03
2.049000000000000000e+03
2.060000000000000000e+03
2.102000000000000000e+03
2.091000000000000000e+03
2.104000000000000000e+03
2.111000000000000000e+03
2.103000000000000000e+03
2.120000000000000000e+03
2.139000000000000000e+03
2.185000000000000000e+03
2.213000000000000000e+03
2.253000000000000000e+03
2.268000000000000000e+03
2.314000000000000000e+03
2.347000000000000000e+03
2.372000000000000000e+03
2.427000000000000000e+03
2.452000000000000000e+03
