1.628000000000000000e+03
1.599000000000000000e+03
1.598000000000000000e+03
1.604000000000000000e+03
1.582000000000000000e+03
1.574000000000000000e+03
1.602000000000000000e+03
1.590000000000000000e+03
1.613000000000000000e+03
1.639000000000000000e+03
1.642000000000000000e+03
1.667000000000000000e+03
1.682000000000000000e+03
1.688000000000000000e+03
1.772000000000000000e+03
1.800000000000000000e+03
1.838000000000000000e+03
1.870000000000000000e+03
1.859000000000000000e+03
1.882000000000000000e+03
1.882000000000000000e+03
1.880000000000000000e+03
1.925000000000000000e+03
1.958000000000000000e+03
1.953000000000000000e+03
1.926000000000000000e+03
1.963000000000000000e+03
1.941000000000000000e+03
1.927000000000000000e+03
1.926000000000000000e+03
1.872000000000000000e+03
1.908000000000000000e+03
