1.260000000000000000e+03
1.245000000000000000e+03
1.247000000000000000e+03
1.232000000000000000e+03
1.199000000000000000e+03
1.183000000000000000e+03
1.178000000000000000e+03
1.168000000000000000e+03
1.188000000000000000e+03
1.186000000000000000e+03
1.177000000000000000e+03
1.151000000000000000e+03
1.117000000000000000e+03
1.134000000000000000e+03
1.115000000000000000e+03
1.091000000000000000e+03
1.103000000000000000e+03
1.085000000000000000e+03
1.061000000000000000e+03
1.058000000000000000e+03
1.050000000000000000e+03
1.071000000000000000e+03
1.104000000000000000e+03
1.096000000000000000e+03
1.134000000000000000e+03
1.165000000000000000e+03
1.174000000000000000e+03
1.193000000000000000e+03
1.211000000000000000e+03
1.239000000000000000e+03
1.282000000000000000e+03
1.312000000000000000e+03
