2.200000000000000000e+02
2.030000000000000000e+02
1.910000000000000000e+02
1.890000000000000000e+02
1.800000000000000000e+02
1.940000000000000000e+02
2.050000000000000000e+02
2.130000000000000000e+02
2.300000000000000000e+02
2.440000000000000000e+02
2.660000000000000000e+02
2.900000000000000000e+02
3.230000000000000000e+02
3.350000000000000000e+02
3.450000000000000000e+02
3.610000000000000000e+02
3.700000000000000000e+02
3.840000000000000000e+02
4.010000000000000000e+02
4.110000000000000000e+02
4.320000000000000000e+02
4.450000000000000000e+02
4.510000000000000000e+02
4.630000000000000000e+02
4.730000000000000000e+02
5.050000000000000000e+02
5.250000000000000000e+02
5.480000000000000000e+02
5.610000000000000000e+02
5.790000000000000000e+02
5.890000000000000000e+02
6.010000000000000000e+02
