1.136000000000000000e+03
1.198000000000000000e+03
1.246000000000000000e+03
1.269000000000000000e+03
1.330000000000000000e+03
1.396000000000000000e+03
1.490000000000000000e+03
1.532000000000000000e+03
1.534000000000000000e+03
1.541000000000000000e+03
1.557000000000000000e+03
1.568000000000000000e+03
1.599000000000000000e+03
1.625000000000000000e+03
1.648000000000000000e+03
1.642000000000000000e+03
1.637000000000000000e+03
1.633000000000000000e+03
1.680000000000000000e+03
1.693000000000000000e+03
1.656000000000000000e+03
1.648000000000000000e+03
1.651000000000000000e+03
1.674000000000000000e+03
1.632000000000000000e+03
1.661000000000000000e+03
1.666000000000000000e+03
1.651000000000000000e+03
1.641000000000000000e+03
1.653000000000000000e+03
1.679000000000000000e+03
1.733000000000000000e+03
