3.610000000000000000e+02
3.740000000000000000e+02
4.080000000000000000e+02
4.260000000000000000e+02
4.420000000000000000e+02
4.600000000000000000e+02
4.670000000000000000e+02
4.770000000000000000e+02
4.890000000000000000e+02
5.080000000000000000e+02
5.340000000000000000e+02
5.430000000000000000e+02
5.500000000000000000e+02
5.780000000000000000e+02
5.920000000000000000e+02
6.200000000000000000e+02
6.420000000000000000e+02
6.670000000000000000e+02
6.790000000000000000e+02
6.960000000000000000e+02
6.960000000000000000e+02
7.380000000000000000e+02
7.360000000000000000e+02
7.270000000000000000e+02
7.290000000000000000e+02
7.410000000000000000e+02
7.470000000000000000e+02
7.620000000000000000e+02
7.610000000000000000e+02
7.670000000000000000e+02
7.680000000000000000e+02
7.740000000000000000e+02
