2.320000000000000000e+03
2.367000000000000000e+03
2.398000000000000000e+03
2.435000000000000000e+03
2.462000000000000000e+03
2.532000000000000000e+03
2.602000000000000000e+03
2.647000000000000000e+03
2.692000000000000000e+03
2.743000000000000000e+03
2.787000000000000000e+03
2.819000000000000000e+03
2.867000000000000000e+03
2.897000000000000000e+03
2.932000000000000000e+03
3.001000000000000000e+03
3.059000000000000000e+03
3.109000000000000000e+03
3.176000000000000000e+03
3.240000000000000000e+03
3.270000000000000000e+03
3.360000000000000000e+03
3.401000000000000000e+03
3.437000000000000000e+03
3.449000000000000000e+03
3.482000000000000000e+03
3.487000000000000000e+03
3.568000000000000000e+03
3.660000000000000000e+03
3.745000000000000000e+03
3.797000000000000000e+03
3.880000000000000000e+03
