8.940000000000000000e+02
8.760000000000000000e+02
8.620000000000000000e+02
8.680000000000000000e+02
9.030000000000000000e+02
9.720000000000000000e+02
1.054000000000000000e+03
1.099000000000000000e+03
1.124000000000000000e+03
1.138000000000000000e+03
1.165000000000000000e+03
1.224000000000000000e+03
1.259000000000000000e+03
1.280000000000000000e+03
1.288000000000000000e+03
1.304000000000000000e+03
1.268000000000000000e+03
1.288000000000000000e+03
1.294000000000000000e+03
1.327000000000000000e+03
1.336000000000000000e+03
1.324000000000000000e+03
1.351000000000000000e+03
1.365000000000000000e+03
1.363000000000000000e+03
1.351000000000000000e+03
1.362000000000000000e+03
1.362000000000000000e+03
1.350000000000000000e+03
1.349000000000000000e+03
1.336000000000000000e+03
1.345000000000000000e+03
