1.001000000000000000e+03
9.990000000000000000e+02
9.800000000000000000e+02
9.490000000000000000e+02
9.020000000000000000e+02
9.070000000000000000e+02
9.060000000000000000e+02
9.030000000000000000e+02
8.700000000000000000e+02
8.630000000000000000e+02
8.640000000000000000e+02
8.510000000000000000e+02
8.610000000000000000e+02
8.380000000000000000e+02
8.580000000000000000e+02
8.250000000000000000e+02
8.120000000000000000e+02
8.080000000000000000e+02
8.110000000000000000e+02
7.990000000000000000e+02
7.930000000000000000e+02
7.760000000000000000e+02
7.500000000000000000e+02
7.570000000000000000e+02
7.360000000000000000e+02
7.440000000000000000e+02
7.490000000000000000e+02
7.400000000000000000e+02
7.470000000000000000e+02
7.610000000000000000e+02
7.660000000000000000e+02
7.890000000000000000e+02
