1.368000000000000000e+03
1.375000000000000000e+03
1.394000000000000000e+03
1.408000000000000000e+03
1.420000000000000000e+03
1.416000000000000000e+03
1.415000000000000000e+03
1.415000000000000000e+03
1.395000000000000000e+03
1.411000000000000000e+03
1.411000000000000000e+03
1.412000000000000000e+03
1.381000000000000000e+03
1.363000000000000000e+03
1.346000000000000000e+03
1.334000000000000000e+03
1.364000000000000000e+03
1.340000000000000000e+03
1.346000000000000000e+03
1.330000000000000000e+03
1.320000000000000000e+03
1.295000000000000000e+03
1.271000000000000000e+03
1.243000000000000000e+03
1.253000000000000000e+03
1.243000000000000000e+03
1.202000000000000000e+03
1.166000000000000000e+03
1.149000000000000000e+03
1.140000000000000000e+03
1.154000000000000000e+03
1.116000000000000000e+03
