2.450000000000000000e+03
2.491000000000000000e+03
2.529000000000000000e+03
2.553000000000000000e+03
2.584000000000000000e+03
2.581000000000000000e+03
2.600000000000000000e+03
2.616000000000000000e+03
2.619000000000000000e+03
2.637000000000000000e+03
2.645000000000000000e+03
2.654000000000000000e+03
2.692000000000000000e+03
2.695000000000000000e+03
2.684000000000000000e+03
2.682000000000000000e+03
2.720000000000000000e+03
2.732000000000000000e+03
2.744000000000000000e+03
2.780000000000000000e+03
2.795000000000000000e+03
2.850000000000000000e+03
2.880000000000000000e+03
2.890000000000000000e+03
2.902000000000000000e+03
2.906000000000000000e+03
2.876000000000000000e+03
2.874000000000000000e+03
2.920000000000000000e+03
2.945000000000000000e+03
2.954000000000000000e+03
2.958000000000000000e+03
