1.718700000000000000e+04
1.719000000000000000e+04
1.719000000000000000e+04
1.717700000000000000e+04
1.719100000000000000e+04
1.716800000000000000e+04
1.715900000000000000e+04
1.721100000000000000e+04
1.718100000000000000e+04
1.721200000000000000e+04
1.719600000000000000e+04
1.721700000000000000e+04
1.722800000000000000e+04
1.717300000000000000e+04
1.710800000000000000e+04
1.708600000000000000e+04
1.709800000000000000e+04
1.711600000000000000e+04
1.713900000000000000e+04
1.715000000000000000e+04
1.716700000000000000e+04
1.713600000000000000e+04
1.709800000000000000e+04
1.709500000000000000e+04
1.708200000000000000e+04
1.707600000000000000e+04
1.704400000000000000e+04
1.701300000000000000e+04
1.701300000000000000e+04
1.700400000000000000e+04
1.690100000000000000e+04
1.688000000000000000e+04
