3.082000000000000000e+03
3.070000000000000000e+03
3.034000000000000000e+03
2.973000000000000000e+03
2.932000000000000000e+03
2.908000000000000000e+03
2.835000000000000000e+03
2.787000000000000000e+03
2.711000000000000000e+03
2.683000000000000000e+03
2.694000000000000000e+03
2.550000000000000000e+03
2.526000000000000000e+03
2.519000000000000000e+03
2.469000000000000000e+03
2.480000000000000000e+03
2.433000000000000000e+03
2.448000000000000000e+03
2.382000000000000000e+03
2.344000000000000000e+03
2.264000000000000000e+03
2.176000000000000000e+03
2.112000000000000000e+03
2.150000000000000000e+03
2.133000000000000000e+03
2.125000000000000000e+03
2.052000000000000000e+03
2.050000000000000000e+03
2.025000000000000000e+03
2.065000000000000000e+03
2.010000000000000000e+03
2.021000000000000000e+03
