2.584000000000000000e+03
2.551000000000000000e+03
2.467000000000000000e+03
2.497000000000000000e+03
2.468000000000000000e+03
2.597000000000000000e+03
2.727000000000000000e+03
2.836000000000000000e+03
2.811000000000000000e+03
2.889000000000000000e+03
2.883000000000000000e+03
2.907000000000000000e+03
2.913000000000000000e+03
2.941000000000000000e+03
2.964000000000000000e+03
3.049000000000000000e+03
3.013000000000000000e+03
3.089000000000000000e+03
3.108000000000000000e+03
3.186000000000000000e+03
3.185000000000000000e+03
3.217000000000000000e+03
3.259000000000000000e+03
3.340000000000000000e+03
3.323000000000000000e+03
3.288000000000000000e+03
3.238000000000000000e+03
3.216000000000000000e+03
3.212000000000000000e+03
3.249000000000000000e+03
3.242000000000000000e+03
3.235000000000000000e+03
