2.920000000000000000e+03
2.949000000000000000e+03
2.920000000000000000e+03
2.940000000000000000e+03
2.947000000000000000e+03
3.030000000000000000e+03
3.034000000000000000e+03
3.082000000000000000e+03
3.067000000000000000e+03
3.181000000000000000e+03
3.105000000000000000e+03
3.078000000000000000e+03
3.057000000000000000e+03
3.110000000000000000e+03
3.077000000000000000e+03
3.169000000000000000e+03
3.115000000000000000e+03
3.201000000000000000e+03
3.139000000000000000e+03
3.179000000000000000e+03
3.198000000000000000e+03
3.154000000000000000e+03
3.156000000000000000e+03
3.106000000000000000e+03
3.101000000000000000e+03
3.029000000000000000e+03
2.974000000000000000e+03
2.874000000000000000e+03
2.777000000000000000e+03
2.704000000000000000e+03
2.704000000000000000e+03
2.624000000000000000e+03
