2.290500000000000000e+04
2.294800000000000000e+04
2.292600000000000000e+04
2.300400000000000000e+04
2.304600000000000000e+04
2.308100000000000000e+04
2.308500000000000000e+04
2.314800000000000000e+04
2.319100000000000000e+04
2.325000000000000000e+04
2.329600000000000000e+04
2.334000000000000000e+04
2.339000000000000000e+04
2.340900000000000000e+04
2.350700000000000000e+04
2.352800000000000000e+04
2.357200000000000000e+04
2.361900000000000000e+04
2.372600000000000000e+04
2.390500000000000000e+04
2.412700000000000000e+04
2.398100000000000000e+04
2.393300000000000000e+04
2.418100000000000000e+04
2.415800000000000000e+04
2.419400000000000000e+04
2.432800000000000000e+04
2.445800000000000000e+04
2.455800000000000000e+04
2.459300000000000000e+04
2.450800000000000000e+04
2.459300000000000000e+04
