1.058000000000000000e+03
1.069000000000000000e+03
1.169000000000000000e+03
1.256000000000000000e+03
1.354000000000000000e+03
1.479000000000000000e+03
1.602000000000000000e+03
1.643000000000000000e+03
1.663000000000000000e+03
1.709000000000000000e+03
1.715000000000000000e+03
1.749000000000000000e+03
1.756000000000000000e+03
1.815000000000000000e+03
1.800000000000000000e+03
1.790000000000000000e+03
1.767000000000000000e+03
1.802000000000000000e+03
1.807000000000000000e+03
1.819000000000000000e+03
1.835000000000000000e+03
1.827000000000000000e+03
1.821000000000000000e+03
1.778000000000000000e+03
1.783000000000000000e+03
1.763000000000000000e+03
1.757000000000000000e+03
1.762000000000000000e+03
1.765000000000000000e+03
1.732000000000000000e+03
1.702000000000000000e+03
1.775000000000000000e+03
