1.123000000000000000e+03
1.129000000000000000e+03
1.092000000000000000e+03
1.084000000000000000e+03
1.087000000000000000e+03
1.073000000000000000e+03
1.086000000000000000e+03
1.083000000000000000e+03
1.091000000000000000e+03
1.114000000000000000e+03
1.102000000000000000e+03
1.097000000000000000e+03
1.108000000000000000e+03
1.126000000000000000e+03
1.137000000000000000e+03
1.123000000000000000e+03
1.116000000000000000e+03
1.105000000000000000e+03
1.119000000000000000e+03
1.098000000000000000e+03
1.086000000000000000e+03
1.104000000000000000e+03
1.062000000000000000e+03
9.880000000000000000e+02
9.500000000000000000e+02
9.090000000000000000e+02
8.420000000000000000e+02
8.560000000000000000e+02
8.950000000000000000e+02
9.170000000000000000e+02
9.540000000000000000e+02
9.630000000000000000e+02
