1.717000000000000000e+03
1.757000000000000000e+03
1.766000000000000000e+03
1.827000000000000000e+03
1.801000000000000000e+03
1.792000000000000000e+03
1.759000000000000000e+03
1.790000000000000000e+03
1.789000000000000000e+03
1.781000000000000000e+03
1.797000000000000000e+03
1.783000000000000000e+03
1.776000000000000000e+03
1.717000000000000000e+03
1.726000000000000000e+03
1.719000000000000000e+03
1.716000000000000000e+03
1.704000000000000000e+03
1.724000000000000000e+03
1.710000000000000000e+03
1.693000000000000000e+03
1.771000000000000000e+03
1.742000000000000000e+03
1.767000000000000000e+03
1.762000000000000000e+03
1.745000000000000000e+03
1.778000000000000000e+03
1.779000000000000000e+03
1.793000000000000000e+03
1.796000000000000000e+03
1.797000000000000000e+03
1.766000000000000000e+03
