1.177000000000000000e+03
1.179000000000000000e+03
1.188000000000000000e+03
1.199000000000000000e+03
1.210000000000000000e+03
1.195000000000000000e+03
1.183000000000000000e+03
1.185000000000000000e+03
1.206000000000000000e+03
1.173000000000000000e+03
1.159000000000000000e+03
1.173000000000000000e+03
1.130000000000000000e+03
1.043000000000000000e+03
1.002000000000000000e+03
9.570000000000000000e+02
8.860000000000000000e+02
8.880000000000000000e+02
9.220000000000000000e+02
9.530000000000000000e+02
9.970000000000000000e+02
1.014000000000000000e+03
1.107000000000000000e+03
1.189000000000000000e+03
1.286000000000000000e+03
1.394000000000000000e+03
1.525000000000000000e+03
1.575000000000000000e+03
1.594000000000000000e+03
1.637000000000000000e+03
1.637000000000000000e+03
1.685000000000000000e+03
