2.300000000000000000e+02
2.320000000000000000e+02
2.400000000000000000e+02
2.530000000000000000e+02
2.590000000000000000e+02
2.530000000000000000e+02
2.430000000000000000e+02
2.260000000000000000e+02
2.020000000000000000e+02
2.020000000000000000e+02
1.830000000000000000e+02
1.610000000000000000e+02
1.560000000000000000e+02
1.420000000000000000e+02
1.600000000000000000e+02
1.840000000000000000e+02
2.100000000000000000e+02
2.280000000000000000e+02
2.600000000000000000e+02
2.680000000000000000e+02
2.820000000000000000e+02
2.970000000000000000e+02
3.270000000000000000e+02
3.220000000000000000e+02
3.090000000000000000e+02
3.000000000000000000e+02
3.090000000000000000e+02
3.400000000000000000e+02
3.230000000000000000e+02
3.480000000000000000e+02
3.580000000000000000e+02
3.680000000000000000e+02
