1.783000000000000000e+03
1.763000000000000000e+03
1.738000000000000000e+03
1.688000000000000000e+03
1.687000000000000000e+03
1.682000000000000000e+03
1.660000000000000000e+03
1.667000000000000000e+03
1.696000000000000000e+03
1.669000000000000000e+03
1.636000000000000000e+03
1.687000000000000000e+03
1.672000000000000000e+03
1.701000000000000000e+03
1.725000000000000000e+03
1.698000000000000000e+03
1.707000000000000000e+03
1.711000000000000000e+03
1.732000000000000000e+03
1.741000000000000000e+03
1.783000000000000000e+03
1.757000000000000000e+03
1.780000000000000000e+03
1.796000000000000000e+03
1.792000000000000000e+03
1.794000000000000000e+03
1.775000000000000000e+03
1.747000000000000000e+03
1.702000000000000000e+03
1.715000000000000000e+03
1.709000000000000000e+03
1.675000000000000000e+03
