5.960000000000000000e+02
6.570000000000000000e+02
7.090000000000000000e+02
7.460000000000000000e+02
7.420000000000000000e+02
7.170000000000000000e+02
7.310000000000000000e+02
7.290000000000000000e+02
7.120000000000000000e+02
7.410000000000000000e+02
7.480000000000000000e+02
7.320000000000000000e+02
7.350000000000000000e+02
7.720000000000000000e+02
7.820000000000000000e+02
8.160000000000000000e+02
8.370000000000000000e+02
8.430000000000000000e+02
8.500000000000000000e+02
8.370000000000000000e+02
8.500000000000000000e+02
8.590000000000000000e+02
8.250000000000000000e+02
8.250000000000000000e+02
8.390000000000000000e+02
8.320000000000000000e+02
8.400000000000000000e+02
8.500000000000000000e+02
8.700000000000000000e+02
9.000000000000000000e+02
9.010000000000000000e+02
8.990000000000000000e+02
