1.208000000000000000e+03
1.218000000000000000e+03
1.172000000000000000e+03
1.097000000000000000e+03
1.044000000000000000e+03
9.920000000000000000e+02
9.230000000000000000e+02
9.220000000000000000e+02
9.570000000000000000e+02
9.940000000000000000e+02
1.047000000000000000e+03
1.056000000000000000e+03
1.149000000000000000e+03
1.234000000000000000e+03
1.326000000000000000e+03
1.448000000000000000e+03
1.575000000000000000e+03
1.610000000000000000e+03
1.622000000000000000e+03
1.672000000000000000e+03
1.698000000000000000e+03
1.749000000000000000e+03
1.757000000000000000e+03
1.816000000000000000e+03
1.796000000000000000e+03
1.798000000000000000e+03
1.774000000000000000e+03
1.792000000000000000e+03
1.804000000000000000e+03
1.810000000000000000e+03
1.827000000000000000e+03
1.802000000000000000e+03
