1.659000000000000000e+03
1.665000000000000000e+03
1.665000000000000000e+03
1.681000000000000000e+03
1.696000000000000000e+03
1.740000000000000000e+03
1.764000000000000000e+03
1.746000000000000000e+03
1.772000000000000000e+03
1.804000000000000000e+03
1.802000000000000000e+03
1.830000000000000000e+03
1.820000000000000000e+03
1.839000000000000000e+03
1.816000000000000000e+03
1.805000000000000000e+03
1.801000000000000000e+03
1.821000000000000000e+03
1.801000000000000000e+03
1.781000000000000000e+03
1.771000000000000000e+03
1.705000000000000000e+03
1.657000000000000000e+03
1.650000000000000000e+03
1.637000000000000000e+03
1.601000000000000000e+03
1.601000000000000000e+03
1.580000000000000000e+03
1.549000000000000000e+03
1.525000000000000000e+03
1.493000000000000000e+03
1.513000000000000000e+03
