1.390000000000000000e+03
1.389000000000000000e+03
1.385000000000000000e+03
1.394000000000000000e+03
1.378000000000000000e+03
1.370000000000000000e+03
1.358000000000000000e+03
1.336000000000000000e+03
1.334000000000000000e+03
1.365000000000000000e+03
1.353000000000000000e+03
1.340000000000000000e+03
1.322000000000000000e+03
1.312000000000000000e+03
1.319000000000000000e+03
1.318000000000000000e+03
1.308000000000000000e+03
1.295000000000000000e+03
1.253000000000000000e+03
1.221000000000000000e+03
1.193000000000000000e+03
1.177000000000000000e+03
1.190000000000000000e+03
1.188000000000000000e+03
1.173000000000000000e+03
1.151000000000000000e+03
1.129000000000000000e+03
1.162000000000000000e+03
1.213000000000000000e+03
1.246000000000000000e+03
1.281000000000000000e+03
1.309000000000000000e+03
