1.080000000000000000e+03
1.053000000000000000e+03
1.063000000000000000e+03
1.055000000000000000e+03
1.031000000000000000e+03
1.040000000000000000e+03
1.042000000000000000e+03
1.029000000000000000e+03
1.036000000000000000e+03
1.023000000000000000e+03
1.023000000000000000e+03
1.047000000000000000e+03
1.016000000000000000e+03
1.002000000000000000e+03
1.003000000000000000e+03
9.860000000000000000e+02
9.870000000000000000e+02
1.019000000000000000e+03
1.017000000000000000e+03
9.820000000000000000e+02
9.620000000000000000e+02
9.960000000000000000e+02
1.030000000000000000e+03
1.039000000000000000e+03
1.036000000000000000e+03
1.046000000000000000e+03
1.073000000000000000e+03
1.079000000000000000e+03
1.089000000000000000e+03
1.121000000000000000e+03
1.151000000000000000e+03
1.131000000000000000e+03
