1.763000000000000000e+03
1.784000000000000000e+03
1.789000000000000000e+03
1.771000000000000000e+03
1.755000000000000000e+03
1.685000000000000000e+03
1.672000000000000000e+03
1.651000000000000000e+03
1.653000000000000000e+03
1.669000000000000000e+03
1.643000000000000000e+03
1.651000000000000000e+03
1.663000000000000000e+03
1.683000000000000000e+03
1.677000000000000000e+03
1.731000000000000000e+03
1.769000000000000000e+03
1.760000000000000000e+03
1.780000000000000000e+03
1.820000000000000000e+03
1.835000000000000000e+03
1.834000000000000000e+03
1.842000000000000000e+03
1.864000000000000000e+03
1.853000000000000000e+03
1.826000000000000000e+03
1.806000000000000000e+03
1.812000000000000000e+03
1.797000000000000000e+03
1.764000000000000000e+03
1.747000000000000000e+03
1.699000000000000000e+03
