1.776000000000000000e+03
1.801000000000000000e+03
1.776000000000000000e+03
1.824000000000000000e+03
1.797000000000000000e+03
1.779000000000000000e+03
1.765000000000000000e+03
1.766000000000000000e+03
1.749000000000000000e+03
1.742000000000000000e+03
1.726000000000000000e+03
1.717000000000000000e+03
1.667000000000000000e+03
1.667000000000000000e+03
1.622000000000000000e+03
1.607000000000000000e+03
1.579000000000000000e+03
1.575000000000000000e+03
1.547000000000000000e+03
1.518000000000000000e+03
1.495000000000000000e+03
1.398000000000000000e+03
1.383000000000000000e+03
1.349000000000000000e+03
1.320000000000000000e+03
1.291000000000000000e+03
1.264000000000000000e+03
1.241000000000000000e+03
1.214000000000000000e+03
1.226000000000000000e+03
1.229000000000000000e+03
1.196000000000000000e+03
