1.329000000000000000e+03
1.309000000000000000e+03
1.319000000000000000e+03
1.321000000000000000e+03
1.299000000000000000e+03
1.269000000000000000e+03
1.228000000000000000e+03
1.266000000000000000e+03
1.326000000000000000e+03
1.377000000000000000e+03
1.417000000000000000e+03
1.472000000000000000e+03
1.503000000000000000e+03
1.543000000000000000e+03
1.616000000000000000e+03
1.676000000000000000e+03
1.766000000000000000e+03
1.819000000000000000e+03
1.827000000000000000e+03
1.819000000000000000e+03
1.829000000000000000e+03
1.902000000000000000e+03
1.925000000000000000e+03
1.980000000000000000e+03
1.961000000000000000e+03
1.972000000000000000e+03
1.952000000000000000e+03
1.960000000000000000e+03
1.954000000000000000e+03
1.949000000000000000e+03
1.919000000000000000e+03
1.872000000000000000e+03
