1.465000000000000000e+03
1.452000000000000000e+03
1.428000000000000000e+03
1.412000000000000000e+03
1.423000000000000000e+03
1.412000000000000000e+03
1.398000000000000000e+03
1.383000000000000000e+03
1.334000000000000000e+03
1.296000000000000000e+03
1.281000000000000000e+03
1.260000000000000000e+03
1.271000000000000000e+03
1.283000000000000000e+03
1.254000000000000000e+03
1.233000000000000000e+03
1.201000000000000000e+03
1.228000000000000000e+03
1.294000000000000000e+03
1.342000000000000000e+03
1.386000000000000000e+03
1.430000000000000000e+03
1.453000000000000000e+03
1.487000000000000000e+03
1.562000000000000000e+03
1.616000000000000000e+03
1.687000000000000000e+03
1.728000000000000000e+03
1.723000000000000000e+03
1.728000000000000000e+03
1.766000000000000000e+03
1.839000000000000000e+03
