1.695000000000000000e+03
1.679000000000000000e+03
1.624000000000000000e+03
1.621000000000000000e+03
1.590000000000000000e+03
1.572000000000000000e+03
1.551000000000000000e+03
1.533000000000000000e+03
1.518000000000000000e+03
1.489000000000000000e+03
1.460000000000000000e+03
1.493000000000000000e+03
1.534000000000000000e+03
1.487000000000000000e+03
1.446000000000000000e+03
1.437000000000000000e+03
1.429000000000000000e+03
1.416000000000000000e+03
1.407000000000000000e+03
1.398000000000000000e+03
1.389000000000000000e+03
1.303000000000000000e+03
1.226000000000000000e+03
1.237000000000000000e+03
1.222000000000000000e+03
1.222000000000000000e+03
1.152000000000000000e+03
1.153000000000000000e+03
1.098000000000000000e+03
1.144000000000000000e+03
1.110000000000000000e+03
1.096000000000000000e+03
