3.860000000000000000e+03
3.816000000000000000e+03
3.805000000000000000e+03
3.750000000000000000e+03
3.673000000000000000e+03
3.657000000000000000e+03
3.609000000000000000e+03
3.550000000000000000e+03
3.544000000000000000e+03
3.537000000000000000e+03
3.514000000000000000e+03
3.464000000000000000e+03
3.370000000000000000e+03
3.335000000000000000e+03
3.309000000000000000e+03
3.274000000000000000e+03
3.237000000000000000e+03
3.233000000000000000e+03
3.213000000000000000e+03
3.182000000000000000e+03
3.163000000000000000e+03
3.163000000000000000e+03
3.172000000000000000e+03
3.167000000000000000e+03
3.167000000000000000e+03
3.165000000000000000e+03
3.204000000000000000e+03
3.234000000000000000e+03
3.255000000000000000e+03
3.246000000000000000e+03
3.279000000000000000e+03
3.301000000000000000e+03
