1.938000000000000000e+03
1.893000000000000000e+03
1.863000000000000000e+03
1.846000000000000000e+03
1.837000000000000000e+03
1.797000000000000000e+03
1.783000000000000000e+03
1.758000000000000000e+03
1.773000000000000000e+03
1.796000000000000000e+03
1.811000000000000000e+03
1.863000000000000000e+03
1.821000000000000000e+03
1.868000000000000000e+03
1.843000000000000000e+03
1.862000000000000000e+03
1.870000000000000000e+03
1.884000000000000000e+03
1.853000000000000000e+03
1.813000000000000000e+03
1.782000000000000000e+03
1.774000000000000000e+03
1.801000000000000000e+03
1.771000000000000000e+03
1.756000000000000000e+03
1.686000000000000000e+03
1.680000000000000000e+03
1.691000000000000000e+03
1.694000000000000000e+03
1.687000000000000000e+03
1.669000000000000000e+03
1.668000000000000000e+03
