2.925000000000000000e+03
2.897000000000000000e+03
2.903000000000000000e+03
2.865000000000000000e+03
2.789000000000000000e+03
2.821000000000000000e+03
2.805000000000000000e+03
2.762000000000000000e+03
2.744000000000000000e+03
2.713000000000000000e+03
2.671000000000000000e+03
2.608000000000000000e+03
2.589000000000000000e+03
2.615000000000000000e+03
2.626000000000000000e+03
2.643000000000000000e+03
2.636000000000000000e+03
2.704000000000000000e+03
2.729000000000000000e+03
2.763000000000000000e+03
2.835000000000000000e+03
2.898000000000000000e+03
2.968000000000000000e+03
3.009000000000000000e+03
3.072000000000000000e+03
3.119000000000000000e+03
3.169000000000000000e+03
3.213000000000000000e+03
3.295000000000000000e+03
3.333000000000000000e+03
3.340000000000000000e+03
3.360000000000000000e+03
