3.705000000000000000e+03
3.749000000000000000e+03
3.828000000000000000e+03
3.929000000000000000e+03
3.905000000000000000e+03
3.841000000000000000e+03
3.754000000000000000e+03
3.738000000000000000e+03
3.749000000000000000e+03
3.736000000000000000e+03
3.716000000000000000e+03
3.721000000000000000e+03
3.636000000000000000e+03
3.630000000000000000e+03
3.702000000000000000e+03
3.875000000000000000e+03
4.057000000000000000e+03
4.153000000000000000e+03
4.162000000000000000e+03
4.246000000000000000e+03
4.361000000000000000e+03
4.453000000000000000e+03
4.521000000000000000e+03
4.554000000000000000e+03
4.644000000000000000e+03
4.716000000000000000e+03
4.723000000000000000e+03
4.784000000000000000e+03
4.922000000000000000e+03
4.916000000000000000e+03
4.858000000000000000e+03
4.774000000000000000e+03
