4.714000000000000000e+03
4.844000000000000000e+03
4.878000000000000000e+03
4.964000000000000000e+03
5.029000000000000000e+03
5.101000000000000000e+03
5.105000000000000000e+03
5.160000000000000000e+03
5.300000000000000000e+03
5.290000000000000000e+03
5.180000000000000000e+03
5.088000000000000000e+03
5.053000000000000000e+03
5.073000000000000000e+03
4.939000000000000000e+03
4.982000000000000000e+03
4.937000000000000000e+03
4.929000000000000000e+03
4.916000000000000000e+03
4.932000000000000000e+03
4.961000000000000000e+03
4.921000000000000000e+03
4.942000000000000000e+03
4.954000000000000000e+03
5.018000000000000000e+03
4.972000000000000000e+03
4.997000000000000000e+03
4.982000000000000000e+03
5.013000000000000000e+03
4.996000000000000000e+03
5.002000000000000000e+03
4.962000000000000000e+03
