5.007000000000000000e+03
5.003000000000000000e+03
4.999000000000000000e+03
5.054000000000000000e+03
5.097000000000000000e+03
5.063000000000000000e+03
5.051000000000000000e+03
5.079000000000000000e+03
5.057000000000000000e+03
5.052000000000000000e+03
5.032000000000000000e+03
4.953000000000000000e+03
4.861000000000000000e+03
4.740000000000000000e+03
4.631000000000000000e+03
4.567000000000000000e+03
4.478000000000000000e+03
4.398000000000000000e+03
4.367000000000000000e+03
4.395000000000000000e+03
4.390000000000000000e+03
4.296000000000000000e+03
4.344000000000000000e+03
4.414000000000000000e+03
4.484000000000000000e+03
4.519000000000000000e+03
4.581000000000000000e+03
4.637000000000000000e+03
4.680000000000000000e+03
4.713000000000000000e+03
4.810000000000000000e+03
4.878000000000000000e+03
