4.473300000000000000e+04
4.450200000000000000e+04
4.426800000000000000e+04
4.477600000000000000e+04
4.467900000000000000e+04
4.471900000000000000e+04
4.460600000000000000e+04
4.468400000000000000e+04
4.459600000000000000e+04
4.467800000000000000e+04
4.450400000000000000e+04
4.465900000000000000e+04
4.444600000000000000e+04
4.440400000000000000e+04
4.425900000000000000e+04
4.442700000000000000e+04
4.425000000000000000e+04
4.449300000000000000e+04
4.441400000000000000e+04
4.474400000000000000e+04
4.496000000000000000e+04
4.406800000000000000e+04
4.427200000000000000e+04
4.423500000000000000e+04
4.397500000000000000e+04
4.389500000000000000e+04
4.367800000000000000e+04
4.356600000000000000e+04
4.346600000000000000e+04
4.342700000000000000e+04
4.326800000000000000e+04
4.320100000000000000e+04
