3.980000000000000000e+03
3.957000000000000000e+03
3.934000000000000000e+03
3.812000000000000000e+03
3.733000000000000000e+03
3.701000000000000000e+03
3.610000000000000000e+03
3.560000000000000000e+03
3.517000000000000000e+03
3.415000000000000000e+03
3.334000000000000000e+03
3.265000000000000000e+03
3.174000000000000000e+03
3.195000000000000000e+03
3.193000000000000000e+03
3.099000000000000000e+03
3.081000000000000000e+03
3.058000000000000000e+03
2.988000000000000000e+03
3.003000000000000000e+03
2.991000000000000000e+03
2.931000000000000000e+03
2.934000000000000000e+03
2.874000000000000000e+03
2.813000000000000000e+03
2.827000000000000000e+03
2.829000000000000000e+03
2.770000000000000000e+03
2.772000000000000000e+03
2.762000000000000000e+03
2.730000000000000000e+03
2.678000000000000000e+03
