3.278000000000000000e+03
3.258000000000000000e+03
3.244000000000000000e+03
3.282000000000000000e+03
3.299000000000000000e+03
3.251000000000000000e+03
3.204000000000000000e+03
3.161000000000000000e+03
3.119000000000000000e+03
3.125000000000000000e+03
3.124000000000000000e+03
3.087000000000000000e+03
3.123000000000000000e+03
3.124000000000000000e+03
3.134000000000000000e+03
3.142000000000000000e+03
3.129000000000000000e+03
3.120000000000000000e+03
3.131000000000000000e+03
3.196000000000000000e+03
3.252000000000000000e+03
3.259000000000000000e+03
3.345000000000000000e+03
3.391000000000000000e+03
3.398000000000000000e+03
3.326000000000000000e+03
3.250000000000000000e+03
3.250000000000000000e+03
3.258000000000000000e+03
3.260000000000000000e+03
3.265000000000000000e+03
3.262000000000000000e+03
