8.120000000000000000e+02
7.420000000000000000e+02
7.380000000000000000e+02
7.280000000000000000e+02
7.420000000000000000e+02
7.480000000000000000e+02
7.850000000000000000e+02
8.210000000000000000e+02
8.950000000000000000e+02
9.860000000000000000e+02
1.062000000000000000e+03
1.137000000000000000e+03
1.200000000000000000e+03
1.232000000000000000e+03
1.270000000000000000e+03
1.324000000000000000e+03
1.386000000000000000e+03
1.435000000000000000e+03
1.454000000000000000e+03
1.475000000000000000e+03
1.514000000000000000e+03
1.511000000000000000e+03
1.560000000000000000e+03
1.560000000000000000e+03
1.569000000000000000e+03
1.616000000000000000e+03
1.666000000000000000e+03
1.693000000000000000e+03
1.715000000000000000e+03
1.737000000000000000e+03
1.746000000000000000e+03
1.775000000000000000e+03
