5.276000000000000000e+03
5.173000000000000000e+03
5.088000000000000000e+03
5.201000000000000000e+03
5.083000000000000000e+03
5.121000000000000000e+03
5.079000000000000000e+03
5.054000000000000000e+03
4.991000000000000000e+03
4.996000000000000000e+03
4.964000000000000000e+03
5.003000000000000000e+03
4.994000000000000000e+03
5.011000000000000000e+03
5.050000000000000000e+03
5.011000000000000000e+03
5.021000000000000000e+03
5.047000000000000000e+03
5.033000000000000000e+03
5.083000000000000000e+03
5.120000000000000000e+03
5.029000000000000000e+03
4.953000000000000000e+03
4.860000000000000000e+03
4.757000000000000000e+03
4.669000000000000000e+03
4.566000000000000000e+03
4.456000000000000000e+03
4.412000000000000000e+03
4.368000000000000000e+03
4.365000000000000000e+03
4.328000000000000000e+03
