5.079000000000000000e+03
4.973000000000000000e+03
4.856000000000000000e+03
4.796000000000000000e+03
4.686000000000000000e+03
4.577000000000000000e+03
4.450000000000000000e+03
4.372000000000000000e+03
4.301000000000000000e+03
4.308000000000000000e+03
4.260000000000000000e+03
4.256000000000000000e+03
4.266000000000000000e+03
4.320000000000000000e+03
4.374000000000000000e+03
4.411000000000000000e+03
4.493000000000000000e+03
4.619000000000000000e+03
4.667000000000000000e+03
4.793000000000000000e+03
4.876000000000000000e+03
4.827000000000000000e+03
4.893000000000000000e+03
5.006000000000000000e+03
5.034000000000000000e+03
5.056000000000000000e+03
5.042000000000000000e+03
5.059000000000000000e+03
5.042000000000000000e+03
5.040000000000000000e+03
5.007000000000000000e+03
4.930000000000000000e+03
