9.980000000000000000e+02
9.830000000000000000e+02
9.750000000000000000e+02
9.610000000000000000e+02
9.400000000000000000e+02
9.280000000000000000e+02
9.070000000000000000e+02
8.910000000000000000e+02
8.810000000000000000e+02
8.680000000000000000e+02
8.710000000000000000e+02
8.450000000000000000e+02
8.420000000000000000e+02
8.310000000000000000e+02
8.370000000000000000e+02
8.330000000000000000e+02
8.350000000000000000e+02
8.180000000000000000e+02
8.030000000000000000e+02
7.870000000000000000e+02
7.640000000000000000e+02
7.700000000000000000e+02
7.880000000000000000e+02
7.700000000000000000e+02
7.820000000000000000e+02
7.640000000000000000e+02
7.650000000000000000e+02
7.650000000000000000e+02
7.740000000000000000e+02
8.040000000000000000e+02
8.180000000000000000e+02
8.220000000000000000e+02
