1.217000000000000000e+03
1.224000000000000000e+03
1.201000000000000000e+03
1.206000000000000000e+03
1.210000000000000000e+03
1.185000000000000000e+03
1.174000000000000000e+03
1.151000000000000000e+03
1.152000000000000000e+03
1.164000000000000000e+03
1.170000000000000000e+03
1.157000000000000000e+03
1.176000000000000000e+03
1.174000000000000000e+03
1.155000000000000000e+03
1.173000000000000000e+03
1.195000000000000000e+03
1.209000000000000000e+03
1.183000000000000000e+03
1.195000000000000000e+03
1.173000000000000000e+03
1.134000000000000000e+03
1.143000000000000000e+03
1.145000000000000000e+03
1.148000000000000000e+03
1.143000000000000000e+03
1.139000000000000000e+03
1.149000000000000000e+03
1.142000000000000000e+03
1.139000000000000000e+03
1.143000000000000000e+03
1.162000000000000000e+03
