1.046000000000000000e+03
1.021000000000000000e+03
1.022000000000000000e+03
1.021000000000000000e+03
1.033000000000000000e+03
1.058000000000000000e+03
1.048000000000000000e+03
1.042000000000000000e+03
1.046000000000000000e+03
1.068000000000000000e+03
1.076000000000000000e+03
1.117000000000000000e+03
1.101000000000000000e+03
1.102000000000000000e+03
1.096000000000000000e+03
1.110000000000000000e+03
1.114000000000000000e+03
1.150000000000000000e+03
1.134000000000000000e+03
1.182000000000000000e+03
1.185000000000000000e+03
1.078000000000000000e+03
1.019000000000000000e+03
1.053000000000000000e+03
1.072000000000000000e+03
1.056000000000000000e+03
1.029000000000000000e+03
1.011000000000000000e+03
9.890000000000000000e+02
9.690000000000000000e+02
9.000000000000000000e+02
8.840000000000000000e+02
