6.940000000000000000e+02
6.980000000000000000e+02
7.290000000000000000e+02
7.500000000000000000e+02
7.870000000000000000e+02
8.480000000000000000e+02
8.810000000000000000e+02
9.370000000000000000e+02
9.410000000000000000e+02
9.760000000000000000e+02
9.740000000000000000e+02
1.022000000000000000e+03
1.011000000000000000e+03
1.035000000000000000e+03
1.049000000000000000e+03
1.073000000000000000e+03
1.081000000000000000e+03
1.092000000000000000e+03
1.088000000000000000e+03
1.111000000000000000e+03
1.128000000000000000e+03
1.133000000000000000e+03
1.158000000000000000e+03
1.180000000000000000e+03
1.197000000000000000e+03
1.228000000000000000e+03
1.244000000000000000e+03
1.260000000000000000e+03
1.307000000000000000e+03
1.290000000000000000e+03
1.281000000000000000e+03
1.292000000000000000e+03
