9.580000000000000000e+02
9.940000000000000000e+02
9.930000000000000000e+02
1.008000000000000000e+03
1.018000000000000000e+03
1.033000000000000000e+03
1.046000000000000000e+03
1.054000000000000000e+03
1.051000000000000000e+03
1.080000000000000000e+03
1.100000000000000000e+03
1.099000000000000000e+03
1.127000000000000000e+03
1.148000000000000000e+03
1.167000000000000000e+03
1.194000000000000000e+03
1.209000000000000000e+03
1.231000000000000000e+03
1.280000000000000000e+03
1.277000000000000000e+03
1.277000000000000000e+03
1.288000000000000000e+03
1.294000000000000000e+03
1.327000000000000000e+03
1.329000000000000000e+03
1.333000000000000000e+03
1.329000000000000000e+03
1.332000000000000000e+03
1.302000000000000000e+03
1.305000000000000000e+03
1.305000000000000000e+03
1.317000000000000000e+03
