1.189000000000000000e+03
1.202000000000000000e+03
1.210000000000000000e+03
1.237000000000000000e+03
1.237000000000000000e+03
1.245000000000000000e+03
1.257000000000000000e+03
1.270000000000000000e+03
1.238000000000000000e+03
1.245000000000000000e+03
1.243000000000000000e+03
1.252000000000000000e+03
1.232000000000000000e+03
1.235000000000000000e+03
1.248000000000000000e+03
1.229000000000000000e+03
1.201000000000000000e+03
1.183000000000000000e+03
1.211000000000000000e+03
1.222000000000000000e+03
1.230000000000000000e+03
1.204000000000000000e+03
1.195000000000000000e+03
1.216000000000000000e+03
1.209000000000000000e+03
1.204000000000000000e+03
1.221000000000000000e+03
1.233000000000000000e+03
1.198000000000000000e+03
1.185000000000000000e+03
1.160000000000000000e+03
1.130000000000000000e+03
