1.065000000000000000e+03
1.059000000000000000e+03
1.079000000000000000e+03
1.093000000000000000e+03
1.107000000000000000e+03
1.133000000000000000e+03
1.156000000000000000e+03
1.183000000000000000e+03
1.238000000000000000e+03
1.246000000000000000e+03
1.248000000000000000e+03
1.272000000000000000e+03
1.286000000000000000e+03
1.291000000000000000e+03
1.285000000000000000e+03
1.297000000000000000e+03
1.287000000000000000e+03
1.304000000000000000e+03
1.278000000000000000e+03
1.309000000000000000e+03
1.306000000000000000e+03
1.302000000000000000e+03
1.282000000000000000e+03
1.292000000000000000e+03
1.296000000000000000e+03
1.261000000000000000e+03
1.231000000000000000e+03
1.215000000000000000e+03
1.216000000000000000e+03
1.218000000000000000e+03
1.217000000000000000e+03
1.199000000000000000e+03
