2.350000000000000000e+02
2.200000000000000000e+02
1.990000000000000000e+02
1.910000000000000000e+02
1.850000000000000000e+02
1.830000000000000000e+02
1.970000000000000000e+02
2.120000000000000000e+02
2.260000000000000000e+02
2.530000000000000000e+02
2.880000000000000000e+02
2.880000000000000000e+02
2.990000000000000000e+02
3.190000000000000000e+02
3.170000000000000000e+02
3.180000000000000000e+02
3.180000000000000000e+02
3.310000000000000000e+02
3.380000000000000000e+02
3.340000000000000000e+02
3.550000000000000000e+02
3.980000000000000000e+02
4.180000000000000000e+02
4.230000000000000000e+02
4.200000000000000000e+02
4.340000000000000000e+02
4.570000000000000000e+02
4.950000000000000000e+02
5.080000000000000000e+02
5.280000000000000000e+02
5.390000000000000000e+02
5.430000000000000000e+02
