9.640000000000000000e+02
9.280000000000000000e+02
9.170000000000000000e+02
9.040000000000000000e+02
8.730000000000000000e+02
8.760000000000000000e+02
8.380000000000000000e+02
8.420000000000000000e+02
8.430000000000000000e+02
8.320000000000000000e+02
8.190000000000000000e+02
8.300000000000000000e+02
8.150000000000000000e+02
8.190000000000000000e+02
8.000000000000000000e+02
8.040000000000000000e+02
8.350000000000000000e+02
8.000000000000000000e+02
7.970000000000000000e+02
8.290000000000000000e+02
8.430000000000000000e+02
8.560000000000000000e+02
8.930000000000000000e+02
9.000000000000000000e+02
9.210000000000000000e+02
9.390000000000000000e+02
9.330000000000000000e+02
9.710000000000000000e+02
9.830000000000000000e+02
9.600000000000000000e+02
9.650000000000000000e+02
9.660000000000000000e+02
