1.475000000000000000e+03
1.488000000000000000e+03
1.488000000000000000e+03
1.466000000000000000e+03
1.469000000000000000e+03
1.454000000000000000e+03
1.423000000000000000e+03
1.386000000000000000e+03
1.366000000000000000e+03
1.355000000000000000e+03
1.353000000000000000e+03
1.320000000000000000e+03
1.300000000000000000e+03
1.293000000000000000e+03
1.270000000000000000e+03
1.231000000000000000e+03
1.220000000000000000e+03
1.226000000000000000e+03
1.207000000000000000e+03
1.191000000000000000e+03
1.223000000000000000e+03
1.178000000000000000e+03
1.175000000000000000e+03
1.178000000000000000e+03
1.200000000000000000e+03
1.241000000000000000e+03
1.277000000000000000e+03
1.309000000000000000e+03
1.326000000000000000e+03
1.322000000000000000e+03
1.311000000000000000e+03
1.364000000000000000e+03
