3.484000000000000000e+03
3.403000000000000000e+03
3.339000000000000000e+03
3.358000000000000000e+03
3.248000000000000000e+03
3.204000000000000000e+03
3.123000000000000000e+03
3.062000000000000000e+03
3.016000000000000000e+03
2.948000000000000000e+03
2.890000000000000000e+03
2.841000000000000000e+03
2.770000000000000000e+03
2.734000000000000000e+03
2.687000000000000000e+03
2.672000000000000000e+03
2.661000000000000000e+03
2.615000000000000000e+03
2.607000000000000000e+03
2.625000000000000000e+03
2.604000000000000000e+03
2.590000000000000000e+03
2.602000000000000000e+03
2.577000000000000000e+03
2.575000000000000000e+03
2.600000000000000000e+03
2.586000000000000000e+03
2.614000000000000000e+03
2.606000000000000000e+03
2.602000000000000000e+03
2.612000000000000000e+03
2.645000000000000000e+03
