1.226000000000000000e+03
1.201000000000000000e+03
1.205000000000000000e+03
1.230000000000000000e+03
1.257000000000000000e+03
1.293000000000000000e+03
1.342000000000000000e+03
1.355000000000000000e+03
1.368000000000000000e+03
1.381000000000000000e+03
1.372000000000000000e+03
1.406000000000000000e+03
1.427000000000000000e+03
1.438000000000000000e+03
1.432000000000000000e+03
1.465000000000000000e+03
1.425000000000000000e+03
1.440000000000000000e+03
1.456000000000000000e+03
1.469000000000000000e+03
1.479000000000000000e+03
1.412000000000000000e+03
1.412000000000000000e+03
1.398000000000000000e+03
1.394000000000000000e+03
1.383000000000000000e+03
1.382000000000000000e+03
1.377000000000000000e+03
1.376000000000000000e+03
1.360000000000000000e+03
1.299000000000000000e+03
1.291000000000000000e+03
