1.965000000000000000e+03
2.026000000000000000e+03
2.042000000000000000e+03
2.074000000000000000e+03
2.087000000000000000e+03
2.091000000000000000e+03
2.111000000000000000e+03
2.098000000000000000e+03
2.111000000000000000e+03
2.097000000000000000e+03
2.099000000000000000e+03
2.098000000000000000e+03
2.154000000000000000e+03
2.211000000000000000e+03
2.241000000000000000e+03
2.253000000000000000e+03
2.274000000000000000e+03
2.309000000000000000e+03
2.368000000000000000e+03
2.434000000000000000e+03
2.448000000000000000e+03
2.488000000000000000e+03
2.547000000000000000e+03
2.545000000000000000e+03
2.522000000000000000e+03
2.511000000000000000e+03
2.442000000000000000e+03
2.427000000000000000e+03
2.429000000000000000e+03
2.468000000000000000e+03
2.493000000000000000e+03
2.555000000000000000e+03
