4.857000000000000000e+03
4.991000000000000000e+03
5.056000000000000000e+03
5.155000000000000000e+03
5.271000000000000000e+03
5.364000000000000000e+03
5.488000000000000000e+03
5.568000000000000000e+03
5.688000000000000000e+03
5.786000000000000000e+03
5.922000000000000000e+03
6.020000000000000000e+03
6.133000000000000000e+03
6.275000000000000000e+03
6.393000000000000000e+03
6.500000000000000000e+03
6.615000000000000000e+03
6.757000000000000000e+03
6.927000000000000000e+03
7.063000000000000000e+03
7.187000000000000000e+03
7.412000000000000000e+03
7.588000000000000000e+03
7.719000000000000000e+03
7.807000000000000000e+03
7.906000000000000000e+03
7.950000000000000000e+03
8.040000000000000000e+03
8.148000000000000000e+03
8.326000000000000000e+03
8.475000000000000000e+03
8.655000000000000000e+03
