3.768000000000000000e+03
3.779000000000000000e+03
3.755000000000000000e+03
3.787000000000000000e+03
3.808000000000000000e+03
3.803000000000000000e+03
3.791000000000000000e+03
3.735000000000000000e+03
3.689000000000000000e+03
3.694000000000000000e+03
3.657000000000000000e+03
3.627000000000000000e+03
3.637000000000000000e+03
3.563000000000000000e+03
3.537000000000000000e+03
3.533000000000000000e+03
3.507000000000000000e+03
3.492000000000000000e+03
3.425000000000000000e+03
3.443000000000000000e+03
3.525000000000000000e+03
3.540000000000000000e+03
3.561000000000000000e+03
3.588000000000000000e+03
3.586000000000000000e+03
3.573000000000000000e+03
3.573000000000000000e+03
3.566000000000000000e+03
3.528000000000000000e+03
3.441000000000000000e+03
3.333000000000000000e+03
3.274000000000000000e+03
