9.198000000000000000e+03
9.110000000000000000e+03
9.042000000000000000e+03
9.004000000000000000e+03
8.958000000000000000e+03
8.891000000000000000e+03
8.896000000000000000e+03
8.876000000000000000e+03
8.878000000000000000e+03
8.840000000000000000e+03
8.773000000000000000e+03
8.703000000000000000e+03
8.662000000000000000e+03
8.636000000000000000e+03
8.661000000000000000e+03
8.688000000000000000e+03
8.689000000000000000e+03
8.713000000000000000e+03
8.815000000000000000e+03
8.886000000000000000e+03
8.926000000000000000e+03
9.012000000000000000e+03
9.147000000000000000e+03
9.211000000000000000e+03
9.293000000000000000e+03
9.325000000000000000e+03
9.391000000000000000e+03
9.488000000000000000e+03
9.535000000000000000e+03
9.608000000000000000e+03
9.711000000000000000e+03
9.811000000000000000e+03
