3.185000000000000000e+03
3.107000000000000000e+03
3.024000000000000000e+03
2.991000000000000000e+03
2.926000000000000000e+03
2.909000000000000000e+03
2.861000000000000000e+03
2.853000000000000000e+03
2.835000000000000000e+03
2.844000000000000000e+03
2.827000000000000000e+03
2.801000000000000000e+03
2.821000000000000000e+03
2.825000000000000000e+03
2.819000000000000000e+03
2.817000000000000000e+03
2.811000000000000000e+03
2.817000000000000000e+03
2.892000000000000000e+03
2.923000000000000000e+03
2.949000000000000000e+03
2.957000000000000000e+03
2.984000000000000000e+03
2.972000000000000000e+03
3.029000000000000000e+03
3.006000000000000000e+03
3.018000000000000000e+03
3.037000000000000000e+03
3.052000000000000000e+03
3.082000000000000000e+03
3.134000000000000000e+03
3.237000000000000000e+03
