2.270000000000000000e+03
2.251000000000000000e+03
2.300000000000000000e+03
2.358000000000000000e+03
2.372000000000000000e+03
2.382000000000000000e+03
2.405000000000000000e+03
2.437000000000000000e+03
2.492000000000000000e+03
2.559000000000000000e+03
2.580000000000000000e+03
2.615000000000000000e+03
2.671000000000000000e+03
2.663000000000000000e+03
2.659000000000000000e+03
2.625000000000000000e+03
2.548000000000000000e+03
2.548000000000000000e+03
2.548000000000000000e+03
2.582000000000000000e+03
2.630000000000000000e+03
2.701000000000000000e+03
2.690000000000000000e+03
2.722000000000000000e+03
2.787000000000000000e+03
2.958000000000000000e+03
3.089000000000000000e+03
3.169000000000000000e+03
3.181000000000000000e+03
3.211000000000000000e+03
3.217000000000000000e+03
3.189000000000000000e+03
