7.840000000000000000e+02
8.580000000000000000e+02
9.090000000000000000e+02
9.390000000000000000e+02
9.650000000000000000e+02
9.780000000000000000e+02
9.840000000000000000e+02
1.012000000000000000e+03
1.003000000000000000e+03
1.027000000000000000e+03
1.083000000000000000e+03
1.107000000000000000e+03
1.105000000000000000e+03
1.138000000000000000e+03
1.189000000000000000e+03
1.263000000000000000e+03
1.327000000000000000e+03
1.383000000000000000e+03
1.454000000000000000e+03
1.489000000000000000e+03
1.529000000000000000e+03
1.593000000000000000e+03
1.587000000000000000e+03
1.621000000000000000e+03
1.639000000000000000e+03
1.620000000000000000e+03
1.638000000000000000e+03
1.631000000000000000e+03
1.642000000000000000e+03
1.661000000000000000e+03
1.686000000000000000e+03
1.705000000000000000e+03
