2.712000000000000000e+03
2.670000000000000000e+03
2.688000000000000000e+03
2.692000000000000000e+03
2.703000000000000000e+03
2.674000000000000000e+03
2.671000000000000000e+03
2.660000000000000000e+03
2.691000000000000000e+03
2.705000000000000000e+03
2.715000000000000000e+03
2.728000000000000000e+03
2.738000000000000000e+03
2.748000000000000000e+03
2.818000000000000000e+03
2.858000000000000000e+03
2.922000000000000000e+03
2.953000000000000000e+03
2.992000000000000000e+03
3.018000000000000000e+03
3.051000000000000000e+03
3.129000000000000000e+03
3.240000000000000000e+03
3.295000000000000000e+03
3.320000000000000000e+03
3.381000000000000000e+03
3.438000000000000000e+03
3.533000000000000000e+03
3.520000000000000000e+03
3.573000000000000000e+03
3.582000000000000000e+03
3.568000000000000000e+03
