3.554000000000000000e+03
3.575000000000000000e+03
3.579000000000000000e+03
3.587000000000000000e+03
3.676000000000000000e+03
3.773000000000000000e+03
3.871000000000000000e+03
3.887000000000000000e+03
4.007000000000000000e+03
4.081000000000000000e+03
4.144000000000000000e+03
4.167000000000000000e+03
4.204000000000000000e+03
4.263000000000000000e+03
4.280000000000000000e+03
4.273000000000000000e+03
4.271000000000000000e+03
4.371000000000000000e+03
4.379000000000000000e+03
4.388000000000000000e+03
4.425000000000000000e+03
4.460000000000000000e+03
4.502000000000000000e+03
4.502000000000000000e+03
4.502000000000000000e+03
4.525000000000000000e+03
4.587000000000000000e+03
4.600000000000000000e+03
4.646000000000000000e+03
4.619000000000000000e+03
4.601000000000000000e+03
4.609000000000000000e+03
