3.301000000000000000e+03
3.333000000000000000e+03
3.330000000000000000e+03
3.321000000000000000e+03
3.329000000000000000e+03
3.308000000000000000e+03
3.364000000000000000e+03
3.363000000000000000e+03
3.352000000000000000e+03
3.291000000000000000e+03
3.231000000000000000e+03
3.174000000000000000e+03
3.103000000000000000e+03
3.063000000000000000e+03
3.024000000000000000e+03
3.013000000000000000e+03
2.956000000000000000e+03
2.943000000000000000e+03
2.931000000000000000e+03
2.945000000000000000e+03
2.926000000000000000e+03
2.926000000000000000e+03
2.923000000000000000e+03
2.944000000000000000e+03
2.944000000000000000e+03
2.938000000000000000e+03
2.935000000000000000e+03
2.918000000000000000e+03
2.963000000000000000e+03
2.953000000000000000e+03
2.995000000000000000e+03
3.006000000000000000e+03
