1.009000000000000000e+03
1.007000000000000000e+03
1.023000000000000000e+03
1.030000000000000000e+03
1.050000000000000000e+03
1.073000000000000000e+03
1.078000000000000000e+03
1.090000000000000000e+03
1.113000000000000000e+03
1.131000000000000000e+03
1.149000000000000000e+03
1.173000000000000000e+03
1.185000000000000000e+03
1.209000000000000000e+03
1.222000000000000000e+03
1.239000000000000000e+03
1.253000000000000000e+03
1.259000000000000000e+03
1.287000000000000000e+03
1.303000000000000000e+03
1.315000000000000000e+03
1.530000000000000000e+03
1.530000000000000000e+03
1.557000000000000000e+03
1.555000000000000000e+03
1.584000000000000000e+03
1.580000000000000000e+03
1.581000000000000000e+03
1.623000000000000000e+03
1.641000000000000000e+03
1.649000000000000000e+03
1.653000000000000000e+03
