2.710000000000000000e+02
2.710000000000000000e+02
2.800000000000000000e+02
2.750000000000000000e+02
2.950000000000000000e+02
2.920000000000000000e+02
3.000000000000000000e+02
3.130000000000000000e+02
3.240000000000000000e+02
3.360000000000000000e+02
3.430000000000000000e+02
3.430000000000000000e+02
3.460000000000000000e+02
3.490000000000000000e+02
3.500000000000000000e+02
3.510000000000000000e+02
3.360000000000000000e+02
3.250000000000000000e+02
3.400000000000000000e+02
3.420000000000000000e+02
3.500000000000000000e+02
3.830000000000000000e+02
3.960000000000000000e+02
4.200000000000000000e+02
4.140000000000000000e+02
4.250000000000000000e+02
4.290000000000000000e+02
4.290000000000000000e+02
4.280000000000000000e+02
4.200000000000000000e+02
4.140000000000000000e+02
4.220000000000000000e+02
