7.040000000000000000e+02
6.950000000000000000e+02
6.780000000000000000e+02
6.780000000000000000e+02
6.770000000000000000e+02
6.810000000000000000e+02
6.860000000000000000e+02
6.950000000000000000e+02
6.850000000000000000e+02
6.930000000000000000e+02
6.980000000000000000e+02
7.100000000000000000e+02
7.100000000000000000e+02
6.940000000000000000e+02
7.170000000000000000e+02
7.310000000000000000e+02
7.220000000000000000e+02
7.290000000000000000e+02
7.370000000000000000e+02
7.300000000000000000e+02
7.420000000000000000e+02
7.470000000000000000e+02
7.790000000000000000e+02
7.870000000000000000e+02
7.560000000000000000e+02
7.200000000000000000e+02
7.120000000000000000e+02
6.960000000000000000e+02
6.910000000000000000e+02
6.720000000000000000e+02
6.660000000000000000e+02
6.430000000000000000e+02
