5.980000000000000000e+02
5.940000000000000000e+02
5.810000000000000000e+02
5.830000000000000000e+02
5.890000000000000000e+02
5.660000000000000000e+02
5.720000000000000000e+02
5.590000000000000000e+02
5.520000000000000000e+02
5.210000000000000000e+02
5.160000000000000000e+02
5.150000000000000000e+02
5.000000000000000000e+02
4.750000000000000000e+02
4.840000000000000000e+02
4.800000000000000000e+02
4.790000000000000000e+02
4.690000000000000000e+02
4.740000000000000000e+02
4.790000000000000000e+02
4.700000000000000000e+02
4.510000000000000000e+02
4.570000000000000000e+02
4.740000000000000000e+02
4.590000000000000000e+02
4.610000000000000000e+02
4.630000000000000000e+02
4.590000000000000000e+02
4.390000000000000000e+02
4.240000000000000000e+02
4.260000000000000000e+02
4.120000000000000000e+02
