1.300000000000000000e+01
1.500000000000000000e+01
1.400000000000000000e+01
1.400000000000000000e+01
1.200000000000000000e+01
2.800000000000000000e+01
2.800000000000000000e+01
3.100000000000000000e+01
3.100000000000000000e+01
2.600000000000000000e+01
3.000000000000000000e+01
2.700000000000000000e+01
2.900000000000000000e+01
2.900000000000000000e+01
2.800000000000000000e+01
2.300000000000000000e+01
2.600000000000000000e+01
2.000000000000000000e+01
2.100000000000000000e+01
2.000000000000000000e+01
1.700000000000000000e+01
3.100000000000000000e+01
2.200000000000000000e+01
2.000000000000000000e+01
3.000000000000000000e+01
3.200000000000000000e+01
3.100000000000000000e+01
3.200000000000000000e+01
3.700000000000000000e+01
4.300000000000000000e+01
4.900000000000000000e+01
4.700000000000000000e+01
