6.050000000000000000e+03
6.088000000000000000e+03
6.084000000000000000e+03
6.137000000000000000e+03
6.157000000000000000e+03
6.199000000000000000e+03
6.190000000000000000e+03
6.205000000000000000e+03
6.218000000000000000e+03
6.211000000000000000e+03
6.197000000000000000e+03
6.208000000000000000e+03
6.205000000000000000e+03
6.199000000000000000e+03
6.196000000000000000e+03
6.205000000000000000e+03
6.232000000000000000e+03
6.246000000000000000e+03
6.267000000000000000e+03
6.262000000000000000e+03
6.303000000000000000e+03
6.215000000000000000e+03
6.205000000000000000e+03
6.208000000000000000e+03
6.196000000000000000e+03
6.165000000000000000e+03
6.146000000000000000e+03
6.140000000000000000e+03
6.114000000000000000e+03
6.106000000000000000e+03
6.032000000000000000e+03
5.979000000000000000e+03
