1.571000000000000000e+03
1.548000000000000000e+03
1.516000000000000000e+03
1.509000000000000000e+03
1.501000000000000000e+03
1.477000000000000000e+03
1.475000000000000000e+03
1.446000000000000000e+03
1.435000000000000000e+03
1.389000000000000000e+03
1.385000000000000000e+03
1.364000000000000000e+03
1.338000000000000000e+03
1.334000000000000000e+03
1.336000000000000000e+03
1.321000000000000000e+03
1.318000000000000000e+03
1.322000000000000000e+03
1.313000000000000000e+03
1.316000000000000000e+03
1.313000000000000000e+03
1.284000000000000000e+03
1.306000000000000000e+03
1.332000000000000000e+03
1.313000000000000000e+03
1.320000000000000000e+03
1.312000000000000000e+03
1.325000000000000000e+03
1.332000000000000000e+03
1.309000000000000000e+03
1.308000000000000000e+03
1.302000000000000000e+03
