1.069000000000000000e+03
1.130000000000000000e+03
1.187000000000000000e+03
1.238000000000000000e+03
1.209000000000000000e+03
1.198000000000000000e+03
1.175000000000000000e+03
1.169000000000000000e+03
1.185000000000000000e+03
1.194000000000000000e+03
1.175000000000000000e+03
1.141000000000000000e+03
1.111000000000000000e+03
1.102000000000000000e+03
1.162000000000000000e+03
1.184000000000000000e+03
1.262000000000000000e+03
1.305000000000000000e+03
1.339000000000000000e+03
1.370000000000000000e+03
1.419000000000000000e+03
1.495000000000000000e+03
1.518000000000000000e+03
1.537000000000000000e+03
1.558000000000000000e+03
1.597000000000000000e+03
1.597000000000000000e+03
1.597000000000000000e+03
1.602000000000000000e+03
1.606000000000000000e+03
1.604000000000000000e+03
1.578000000000000000e+03
