1.676000000000000000e+03
1.674000000000000000e+03
1.675000000000000000e+03
1.694000000000000000e+03
1.659000000000000000e+03
1.650000000000000000e+03
1.625000000000000000e+03
1.615000000000000000e+03
1.599000000000000000e+03
1.622000000000000000e+03
1.610000000000000000e+03
1.625000000000000000e+03
1.604000000000000000e+03
1.613000000000000000e+03
1.625000000000000000e+03
1.631000000000000000e+03
1.611000000000000000e+03
1.625000000000000000e+03
1.634000000000000000e+03
1.654000000000000000e+03
1.653000000000000000e+03
1.619000000000000000e+03
1.615000000000000000e+03
1.596000000000000000e+03
1.592000000000000000e+03
1.574000000000000000e+03
1.578000000000000000e+03
1.563000000000000000e+03
1.558000000000000000e+03
1.514000000000000000e+03
1.496000000000000000e+03
1.496000000000000000e+03
