9.960000000000000000e+02
9.890000000000000000e+02
9.830000000000000000e+02
9.640000000000000000e+02
9.640000000000000000e+02
9.350000000000000000e+02
9.240000000000000000e+02
9.000000000000000000e+02
8.940000000000000000e+02
8.810000000000000000e+02
8.490000000000000000e+02
8.490000000000000000e+02
8.390000000000000000e+02
8.450000000000000000e+02
8.370000000000000000e+02
8.480000000000000000e+02
8.500000000000000000e+02
8.460000000000000000e+02
8.400000000000000000e+02
8.630000000000000000e+02
8.750000000000000000e+02
8.590000000000000000e+02
8.520000000000000000e+02
8.750000000000000000e+02
8.750000000000000000e+02
8.770000000000000000e+02
8.860000000000000000e+02
8.960000000000000000e+02
9.040000000000000000e+02
9.100000000000000000e+02
9.360000000000000000e+02
9.230000000000000000e+02
