1.179000000000000000e+03
1.153000000000000000e+03
1.114000000000000000e+03
1.071000000000000000e+03
1.052000000000000000e+03
1.045000000000000000e+03
1.042000000000000000e+03
1.031000000000000000e+03
1.014000000000000000e+03
1.002000000000000000e+03
9.800000000000000000e+02
9.940000000000000000e+02
9.830000000000000000e+02
9.660000000000000000e+02
9.620000000000000000e+02
9.450000000000000000e+02
9.310000000000000000e+02
9.150000000000000000e+02
9.090000000000000000e+02
8.940000000000000000e+02
8.670000000000000000e+02
8.500000000000000000e+02
8.530000000000000000e+02
8.520000000000000000e+02
8.560000000000000000e+02
8.670000000000000000e+02
8.600000000000000000e+02
8.490000000000000000e+02
8.380000000000000000e+02
8.570000000000000000e+02
8.760000000000000000e+02
8.600000000000000000e+02
