1.688000000000000000e+03
1.699000000000000000e+03
1.654000000000000000e+03
1.632000000000000000e+03
1.581000000000000000e+03
1.562000000000000000e+03
1.552000000000000000e+03
1.494000000000000000e+03
1.458000000000000000e+03
1.443000000000000000e+03
1.403000000000000000e+03
1.379000000000000000e+03
1.385000000000000000e+03
1.371000000000000000e+03
1.351000000000000000e+03
1.299000000000000000e+03
1.250000000000000000e+03
1.241000000000000000e+03
1.225000000000000000e+03
1.183000000000000000e+03
1.162000000000000000e+03
1.114000000000000000e+03
9.940000000000000000e+02
1.031000000000000000e+03
1.023000000000000000e+03
1.033000000000000000e+03
1.008000000000000000e+03
1.020000000000000000e+03
9.730000000000000000e+02
9.810000000000000000e+02
9.380000000000000000e+02
9.600000000000000000e+02
