2.622000000000000000e+03
2.643000000000000000e+03
2.668000000000000000e+03
2.687000000000000000e+03
2.710000000000000000e+03
2.720000000000000000e+03
2.750000000000000000e+03
2.773000000000000000e+03
2.808000000000000000e+03
2.836000000000000000e+03
2.847000000000000000e+03
2.872000000000000000e+03
2.901000000000000000e+03
2.913000000000000000e+03
2.948000000000000000e+03
2.973000000000000000e+03
3.001000000000000000e+03
3.035000000000000000e+03
3.076000000000000000e+03
3.100000000000000000e+03
3.139000000000000000e+03
3.223000000000000000e+03
3.360000000000000000e+03
3.444000000000000000e+03
3.478000000000000000e+03
3.464000000000000000e+03
3.513000000000000000e+03
3.522000000000000000e+03
3.539000000000000000e+03
3.597000000000000000e+03
3.629000000000000000e+03
3.645000000000000000e+03
