1.419000000000000000e+03
1.382000000000000000e+03
1.391000000000000000e+03
1.374000000000000000e+03
1.356000000000000000e+03
1.309000000000000000e+03
1.259000000000000000e+03
1.251000000000000000e+03
1.237000000000000000e+03
1.191000000000000000e+03
1.168000000000000000e+03
1.159000000000000000e+03
1.117000000000000000e+03
1.072000000000000000e+03
1.054000000000000000e+03
1.046000000000000000e+03
1.047000000000000000e+03
1.042000000000000000e+03
1.018000000000000000e+03
1.005000000000000000e+03
9.800000000000000000e+02
9.770000000000000000e+02
9.640000000000000000e+02
9.460000000000000000e+02
9.460000000000000000e+02
9.380000000000000000e+02
9.310000000000000000e+02
9.100000000000000000e+02
9.100000000000000000e+02
8.980000000000000000e+02
8.690000000000000000e+02
8.570000000000000000e+02
