1.573000000000000000e+03
1.597000000000000000e+03
1.571000000000000000e+03
1.597000000000000000e+03
1.553000000000000000e+03
1.513000000000000000e+03
1.512000000000000000e+03
1.494000000000000000e+03
1.495000000000000000e+03
1.495000000000000000e+03
1.504000000000000000e+03
1.517000000000000000e+03
1.569000000000000000e+03
1.572000000000000000e+03
1.669000000000000000e+03
1.746000000000000000e+03
1.840000000000000000e+03
1.912000000000000000e+03
2.003000000000000000e+03
2.060000000000000000e+03
2.089000000000000000e+03
2.190000000000000000e+03
2.188000000000000000e+03
2.264000000000000000e+03
2.294000000000000000e+03
2.341000000000000000e+03
2.341000000000000000e+03
2.400000000000000000e+03
2.441000000000000000e+03
2.518000000000000000e+03
2.563000000000000000e+03
2.581000000000000000e+03
