3.696000000000000000e+03
3.803000000000000000e+03
3.892000000000000000e+03
3.944000000000000000e+03
4.001000000000000000e+03
4.034000000000000000e+03
4.109000000000000000e+03
4.188000000000000000e+03
4.240000000000000000e+03
4.313000000000000000e+03
4.367000000000000000e+03
4.546000000000000000e+03
4.630000000000000000e+03
4.704000000000000000e+03
4.761000000000000000e+03
4.845000000000000000e+03
4.906000000000000000e+03
4.928000000000000000e+03
4.989000000000000000e+03
5.065000000000000000e+03
5.127000000000000000e+03
5.213000000000000000e+03
5.265000000000000000e+03
5.282000000000000000e+03
5.286000000000000000e+03
5.345000000000000000e+03
5.402000000000000000e+03
5.430000000000000000e+03
5.480000000000000000e+03
5.543000000000000000e+03
5.575000000000000000e+03
5.617000000000000000e+03
