1.914000000000000000e+03
1.988000000000000000e+03
1.997000000000000000e+03
2.076000000000000000e+03
2.120000000000000000e+03
2.149000000000000000e+03
2.156000000000000000e+03
2.197000000000000000e+03
2.232000000000000000e+03
2.320000000000000000e+03
2.355000000000000000e+03
2.446000000000000000e+03
2.489000000000000000e+03
2.526000000000000000e+03
2.543000000000000000e+03
2.568000000000000000e+03
2.584000000000000000e+03
2.569000000000000000e+03
2.612000000000000000e+03
2.649000000000000000e+03
2.684000000000000000e+03
2.711000000000000000e+03
2.779000000000000000e+03
2.782000000000000000e+03
2.814000000000000000e+03
2.899000000000000000e+03
2.966000000000000000e+03
3.050000000000000000e+03
3.046000000000000000e+03
3.102000000000000000e+03
3.100000000000000000e+03
3.092000000000000000e+03
