5.370000000000000000e+02
5.630000000000000000e+02
5.990000000000000000e+02
6.290000000000000000e+02
6.540000000000000000e+02
6.740000000000000000e+02
7.000000000000000000e+02
7.190000000000000000e+02
7.550000000000000000e+02
7.820000000000000000e+02
8.060000000000000000e+02
8.570000000000000000e+02
8.940000000000000000e+02
9.450000000000000000e+02
9.660000000000000000e+02
1.006000000000000000e+03
1.038000000000000000e+03
1.086000000000000000e+03
1.130000000000000000e+03
1.156000000000000000e+03
1.176000000000000000e+03
1.228000000000000000e+03
1.234000000000000000e+03
1.226000000000000000e+03
1.259000000000000000e+03
1.254000000000000000e+03
1.230000000000000000e+03
1.242000000000000000e+03
1.217000000000000000e+03
1.238000000000000000e+03
1.223000000000000000e+03
1.208000000000000000e+03
