2.327000000000000000e+03
2.308000000000000000e+03
2.280000000000000000e+03
2.290000000000000000e+03
2.284000000000000000e+03
2.296000000000000000e+03
2.267000000000000000e+03
2.259000000000000000e+03
2.311000000000000000e+03
2.288000000000000000e+03
2.288000000000000000e+03
2.330000000000000000e+03
2.385000000000000000e+03
2.377000000000000000e+03
2.413000000000000000e+03
2.413000000000000000e+03
2.419000000000000000e+03
2.431000000000000000e+03
2.373000000000000000e+03
2.354000000000000000e+03
2.350000000000000000e+03
2.330000000000000000e+03
2.341000000000000000e+03
2.325000000000000000e+03
2.262000000000000000e+03
2.258000000000000000e+03
2.242000000000000000e+03
2.173000000000000000e+03
2.173000000000000000e+03
2.159000000000000000e+03
2.141000000000000000e+03
2.158000000000000000e+03
