4.450000000000000000e+02
4.550000000000000000e+02
4.590000000000000000e+02
4.650000000000000000e+02
4.640000000000000000e+02
4.630000000000000000e+02
4.590000000000000000e+02
4.730000000000000000e+02
4.700000000000000000e+02
4.740000000000000000e+02
4.940000000000000000e+02
4.990000000000000000e+02
5.000000000000000000e+02
5.020000000000000000e+02
5.040000000000000000e+02
5.050000000000000000e+02
5.000000000000000000e+02
4.930000000000000000e+02
4.940000000000000000e+02
4.890000000000000000e+02
4.720000000000000000e+02
4.340000000000000000e+02
4.370000000000000000e+02
4.390000000000000000e+02
4.460000000000000000e+02
4.390000000000000000e+02
4.430000000000000000e+02
4.550000000000000000e+02
4.500000000000000000e+02
4.610000000000000000e+02
4.730000000000000000e+02
4.860000000000000000e+02
