8.470000000000000000e+02
8.460000000000000000e+02
8.200000000000000000e+02
8.100000000000000000e+02
7.750000000000000000e+02
7.560000000000000000e+02
7.150000000000000000e+02
6.970000000000000000e+02
6.660000000000000000e+02
6.640000000000000000e+02
6.520000000000000000e+02
6.320000000000000000e+02
6.250000000000000000e+02
6.150000000000000000e+02
6.250000000000000000e+02
6.170000000000000000e+02
6.290000000000000000e+02
6.290000000000000000e+02
6.310000000000000000e+02
6.550000000000000000e+02
6.630000000000000000e+02
6.470000000000000000e+02
6.600000000000000000e+02
6.720000000000000000e+02
6.910000000000000000e+02
7.170000000000000000e+02
7.130000000000000000e+02
7.230000000000000000e+02
7.130000000000000000e+02
6.930000000000000000e+02
6.670000000000000000e+02
6.640000000000000000e+02
