5.930000000000000000e+02
5.570000000000000000e+02
5.580000000000000000e+02
5.530000000000000000e+02
5.500000000000000000e+02
5.370000000000000000e+02
5.390000000000000000e+02
5.400000000000000000e+02
5.350000000000000000e+02
5.380000000000000000e+02
5.580000000000000000e+02
5.720000000000000000e+02
5.830000000000000000e+02
5.950000000000000000e+02
5.810000000000000000e+02
5.810000000000000000e+02
5.540000000000000000e+02
5.410000000000000000e+02
5.600000000000000000e+02
5.730000000000000000e+02
5.590000000000000000e+02
5.550000000000000000e+02
5.560000000000000000e+02
5.630000000000000000e+02
5.680000000000000000e+02
5.930000000000000000e+02
6.430000000000000000e+02
6.590000000000000000e+02
6.600000000000000000e+02
6.620000000000000000e+02
6.820000000000000000e+02
6.960000000000000000e+02
