7.140000000000000000e+02
7.020000000000000000e+02
7.040000000000000000e+02
7.210000000000000000e+02
7.110000000000000000e+02
7.440000000000000000e+02
7.500000000000000000e+02
7.500000000000000000e+02
7.550000000000000000e+02
7.720000000000000000e+02
7.430000000000000000e+02
7.520000000000000000e+02
7.360000000000000000e+02
7.350000000000000000e+02
7.550000000000000000e+02
7.490000000000000000e+02
7.150000000000000000e+02
7.210000000000000000e+02
7.100000000000000000e+02
7.150000000000000000e+02
7.180000000000000000e+02
6.990000000000000000e+02
6.840000000000000000e+02
6.820000000000000000e+02
6.730000000000000000e+02
6.570000000000000000e+02
6.350000000000000000e+02
6.100000000000000000e+02
5.770000000000000000e+02
5.590000000000000000e+02
4.940000000000000000e+02
4.570000000000000000e+02
