6.440000000000000000e+02
6.450000000000000000e+02
6.350000000000000000e+02
6.430000000000000000e+02
6.550000000000000000e+02
6.830000000000000000e+02
7.310000000000000000e+02
7.480000000000000000e+02
7.440000000000000000e+02
7.500000000000000000e+02
7.630000000000000000e+02
7.800000000000000000e+02
7.800000000000000000e+02
7.950000000000000000e+02
8.140000000000000000e+02
8.210000000000000000e+02
8.310000000000000000e+02
8.590000000000000000e+02
8.780000000000000000e+02
8.810000000000000000e+02
8.860000000000000000e+02
8.880000000000000000e+02
9.150000000000000000e+02
9.240000000000000000e+02
9.380000000000000000e+02
9.220000000000000000e+02
9.130000000000000000e+02
8.970000000000000000e+02
8.660000000000000000e+02
8.600000000000000000e+02
8.500000000000000000e+02
8.770000000000000000e+02
