7.536000000000000000e+03
7.505000000000000000e+03
7.447000000000000000e+03
7.510000000000000000e+03
7.477000000000000000e+03
7.460000000000000000e+03
7.407000000000000000e+03
7.402000000000000000e+03
7.370000000000000000e+03
7.409000000000000000e+03
7.365000000000000000e+03
7.400000000000000000e+03
7.391000000000000000e+03
7.389000000000000000e+03
7.409000000000000000e+03
7.458000000000000000e+03
7.374000000000000000e+03
7.335000000000000000e+03
7.281000000000000000e+03
7.274000000000000000e+03
7.214000000000000000e+03
7.060000000000000000e+03
7.014000000000000000e+03
7.036000000000000000e+03
7.043000000000000000e+03
6.957000000000000000e+03
6.927000000000000000e+03
6.912000000000000000e+03
6.823000000000000000e+03
6.750000000000000000e+03
6.634000000000000000e+03
6.566000000000000000e+03
