9.600000000000000000e+02
9.570000000000000000e+02
9.750000000000000000e+02
9.990000000000000000e+02
1.006000000000000000e+03
1.000000000000000000e+03
9.820000000000000000e+02
9.580000000000000000e+02
9.300000000000000000e+02
9.410000000000000000e+02
9.250000000000000000e+02
9.400000000000000000e+02
9.140000000000000000e+02
9.030000000000000000e+02
8.950000000000000000e+02
9.000000000000000000e+02
8.810000000000000000e+02
8.660000000000000000e+02
8.630000000000000000e+02
8.370000000000000000e+02
8.070000000000000000e+02
7.860000000000000000e+02
7.760000000000000000e+02
7.630000000000000000e+02
7.350000000000000000e+02
7.040000000000000000e+02
6.770000000000000000e+02
6.650000000000000000e+02
6.400000000000000000e+02
6.200000000000000000e+02
6.210000000000000000e+02
5.960000000000000000e+02
