6.760000000000000000e+02
6.510000000000000000e+02
6.270000000000000000e+02
6.240000000000000000e+02
6.350000000000000000e+02
6.180000000000000000e+02
6.420000000000000000e+02
6.440000000000000000e+02
6.420000000000000000e+02
6.630000000000000000e+02
6.740000000000000000e+02
6.800000000000000000e+02
6.920000000000000000e+02
7.050000000000000000e+02
7.220000000000000000e+02
7.630000000000000000e+02
7.590000000000000000e+02
7.550000000000000000e+02
7.550000000000000000e+02
7.490000000000000000e+02
7.610000000000000000e+02
7.340000000000000000e+02
7.380000000000000000e+02
7.340000000000000000e+02
7.600000000000000000e+02
7.210000000000000000e+02
7.050000000000000000e+02
7.040000000000000000e+02
6.930000000000000000e+02
6.990000000000000000e+02
6.840000000000000000e+02
6.600000000000000000e+02
