1.327000000000000000e+03
1.333000000000000000e+03
1.336000000000000000e+03
1.356000000000000000e+03
1.356000000000000000e+03
1.370000000000000000e+03
1.367000000000000000e+03
1.344000000000000000e+03
1.325000000000000000e+03
1.302000000000000000e+03
1.290000000000000000e+03
1.256000000000000000e+03
1.244000000000000000e+03
1.207000000000000000e+03
1.186000000000000000e+03
1.171000000000000000e+03
1.153000000000000000e+03
1.159000000000000000e+03
1.155000000000000000e+03
1.140000000000000000e+03
1.129000000000000000e+03
9.750000000000000000e+02
9.110000000000000000e+02
8.970000000000000000e+02
8.900000000000000000e+02
8.730000000000000000e+02
8.730000000000000000e+02
8.670000000000000000e+02
8.590000000000000000e+02
8.590000000000000000e+02
8.350000000000000000e+02
8.450000000000000000e+02
