1.096000000000000000e+03
1.110000000000000000e+03
1.090000000000000000e+03
1.089000000000000000e+03
1.073000000000000000e+03
1.064000000000000000e+03
1.051000000000000000e+03
1.030000000000000000e+03
1.008000000000000000e+03
1.002000000000000000e+03
9.910000000000000000e+02
9.790000000000000000e+02
9.550000000000000000e+02
9.590000000000000000e+02
9.380000000000000000e+02
9.250000000000000000e+02
9.190000000000000000e+02
9.070000000000000000e+02
8.990000000000000000e+02
8.950000000000000000e+02
8.730000000000000000e+02
8.560000000000000000e+02
8.510000000000000000e+02
8.180000000000000000e+02
8.290000000000000000e+02
8.170000000000000000e+02
7.940000000000000000e+02
7.910000000000000000e+02
8.050000000000000000e+02
7.950000000000000000e+02
7.790000000000000000e+02
7.580000000000000000e+02
