2.870000000000000000e+02
2.510000000000000000e+02
2.260000000000000000e+02
2.090000000000000000e+02
2.350000000000000000e+02
2.500000000000000000e+02
2.750000000000000000e+02
2.870000000000000000e+02
3.230000000000000000e+02
3.450000000000000000e+02
3.720000000000000000e+02
3.940000000000000000e+02
4.030000000000000000e+02
4.230000000000000000e+02
4.130000000000000000e+02
4.120000000000000000e+02
3.940000000000000000e+02
3.950000000000000000e+02
3.970000000000000000e+02
3.810000000000000000e+02
3.750000000000000000e+02
3.970000000000000000e+02
4.170000000000000000e+02
4.260000000000000000e+02
4.550000000000000000e+02
4.540000000000000000e+02
4.880000000000000000e+02
4.960000000000000000e+02
5.030000000000000000e+02
5.310000000000000000e+02
5.270000000000000000e+02
5.290000000000000000e+02
