2.300000000000000000e+02
2.380000000000000000e+02
2.500000000000000000e+02
2.540000000000000000e+02
2.550000000000000000e+02
2.530000000000000000e+02
2.460000000000000000e+02
2.320000000000000000e+02
2.220000000000000000e+02
1.980000000000000000e+02
1.800000000000000000e+02
1.630000000000000000e+02
1.400000000000000000e+02
1.310000000000000000e+02
1.420000000000000000e+02
1.470000000000000000e+02
1.610000000000000000e+02
1.710000000000000000e+02
2.030000000000000000e+02
2.230000000000000000e+02
2.320000000000000000e+02
2.570000000000000000e+02
2.770000000000000000e+02
2.860000000000000000e+02
2.780000000000000000e+02
2.750000000000000000e+02
2.640000000000000000e+02
2.640000000000000000e+02
2.590000000000000000e+02
2.490000000000000000e+02
2.560000000000000000e+02
2.660000000000000000e+02
