1.274000000000000000e+03
1.256000000000000000e+03
1.259000000000000000e+03
1.283000000000000000e+03
1.271000000000000000e+03
1.270000000000000000e+03
1.291000000000000000e+03
1.262000000000000000e+03
1.275000000000000000e+03
1.234000000000000000e+03
1.215000000000000000e+03
1.229000000000000000e+03
1.221000000000000000e+03
1.197000000000000000e+03
1.218000000000000000e+03
1.207000000000000000e+03
1.218000000000000000e+03
1.253000000000000000e+03
1.234000000000000000e+03
1.252000000000000000e+03
1.257000000000000000e+03
1.252000000000000000e+03
1.245000000000000000e+03
1.259000000000000000e+03
1.251000000000000000e+03
1.272000000000000000e+03
1.242000000000000000e+03
1.229000000000000000e+03
1.205000000000000000e+03
1.197000000000000000e+03
1.194000000000000000e+03
1.172000000000000000e+03
