1.004000000000000000e+03
9.610000000000000000e+02
9.350000000000000000e+02
8.880000000000000000e+02
8.480000000000000000e+02
7.850000000000000000e+02
7.360000000000000000e+02
7.280000000000000000e+02
7.510000000000000000e+02
7.610000000000000000e+02
7.710000000000000000e+02
8.130000000000000000e+02
8.700000000000000000e+02
9.470000000000000000e+02
1.003000000000000000e+03
1.096000000000000000e+03
1.167000000000000000e+03
1.223000000000000000e+03
1.219000000000000000e+03
1.248000000000000000e+03
1.287000000000000000e+03
1.320000000000000000e+03
1.324000000000000000e+03
1.299000000000000000e+03
1.272000000000000000e+03
1.300000000000000000e+03
1.288000000000000000e+03
1.269000000000000000e+03
1.261000000000000000e+03
1.274000000000000000e+03
1.219000000000000000e+03
1.193000000000000000e+03
