1.255000000000000000e+03
1.266000000000000000e+03
1.254000000000000000e+03
1.237000000000000000e+03
1.233000000000000000e+03
1.243000000000000000e+03
1.252000000000000000e+03
1.225000000000000000e+03
1.229000000000000000e+03
1.242000000000000000e+03
1.246000000000000000e+03
1.229000000000000000e+03
1.238000000000000000e+03
1.265000000000000000e+03
1.251000000000000000e+03
1.245000000000000000e+03
1.270000000000000000e+03
1.261000000000000000e+03
1.272000000000000000e+03
1.235000000000000000e+03
1.230000000000000000e+03
1.211000000000000000e+03
1.192000000000000000e+03
1.168000000000000000e+03
1.183000000000000000e+03
1.184000000000000000e+03
1.194000000000000000e+03
1.211000000000000000e+03
1.195000000000000000e+03
1.201000000000000000e+03
1.195000000000000000e+03
1.205000000000000000e+03
