8.760000000000000000e+02
8.550000000000000000e+02
8.470000000000000000e+02
8.230000000000000000e+02
8.230000000000000000e+02
8.120000000000000000e+02
7.850000000000000000e+02
7.820000000000000000e+02
7.890000000000000000e+02
7.880000000000000000e+02
7.740000000000000000e+02
7.530000000000000000e+02
7.410000000000000000e+02
7.490000000000000000e+02
7.520000000000000000e+02
7.350000000000000000e+02
7.420000000000000000e+02
7.170000000000000000e+02
6.990000000000000000e+02
7.190000000000000000e+02
7.240000000000000000e+02
7.500000000000000000e+02
7.790000000000000000e+02
8.000000000000000000e+02
8.050000000000000000e+02
8.250000000000000000e+02
8.220000000000000000e+02
8.680000000000000000e+02
8.880000000000000000e+02
8.660000000000000000e+02
8.960000000000000000e+02
9.090000000000000000e+02
