7.440000000000000000e+02
7.440000000000000000e+02
7.330000000000000000e+02
7.390000000000000000e+02
7.380000000000000000e+02
7.480000000000000000e+02
7.320000000000000000e+02
7.330000000000000000e+02
7.300000000000000000e+02
7.190000000000000000e+02
7.030000000000000000e+02
7.090000000000000000e+02
7.050000000000000000e+02
6.920000000000000000e+02
7.130000000000000000e+02
7.250000000000000000e+02
7.420000000000000000e+02
7.550000000000000000e+02
7.630000000000000000e+02
7.730000000000000000e+02
7.950000000000000000e+02
7.980000000000000000e+02
7.900000000000000000e+02
7.870000000000000000e+02
7.490000000000000000e+02
7.200000000000000000e+02
6.560000000000000000e+02
6.340000000000000000e+02
6.420000000000000000e+02
6.480000000000000000e+02
6.490000000000000000e+02
6.770000000000000000e+02
