1.452100000000000000e+04
1.448800000000000000e+04
1.446000000000000000e+04
1.446200000000000000e+04
1.446100000000000000e+04
1.439100000000000000e+04
1.435100000000000000e+04
1.433500000000000000e+04
1.432100000000000000e+04
1.427200000000000000e+04
1.426400000000000000e+04
1.423500000000000000e+04
1.420300000000000000e+04
1.418100000000000000e+04
1.417900000000000000e+04
1.416200000000000000e+04
1.415700000000000000e+04
1.416300000000000000e+04
1.416100000000000000e+04
1.415000000000000000e+04
1.411000000000000000e+04
1.394300000000000000e+04
1.390800000000000000e+04
1.393600000000000000e+04
1.394700000000000000e+04
1.392300000000000000e+04
1.391100000000000000e+04
1.393900000000000000e+04
1.389900000000000000e+04
1.384600000000000000e+04
1.386600000000000000e+04
1.386300000000000000e+04
