7.470000000000000000e+02
7.570000000000000000e+02
7.580000000000000000e+02
7.400000000000000000e+02
7.680000000000000000e+02
7.710000000000000000e+02
8.010000000000000000e+02
8.140000000000000000e+02
8.320000000000000000e+02
8.330000000000000000e+02
8.510000000000000000e+02
8.420000000000000000e+02
8.300000000000000000e+02
8.280000000000000000e+02
7.850000000000000000e+02
7.490000000000000000e+02
6.940000000000000000e+02
6.620000000000000000e+02
6.700000000000000000e+02
6.710000000000000000e+02
6.710000000000000000e+02
7.180000000000000000e+02
7.490000000000000000e+02
7.890000000000000000e+02
8.350000000000000000e+02
8.930000000000000000e+02
9.710000000000000000e+02
1.021000000000000000e+03
1.019000000000000000e+03
1.053000000000000000e+03
1.065000000000000000e+03
1.084000000000000000e+03
