1.063000000000000000e+03
1.062000000000000000e+03
1.101000000000000000e+03
1.097000000000000000e+03
1.103000000000000000e+03
1.108000000000000000e+03
1.115000000000000000e+03
1.104000000000000000e+03
1.111000000000000000e+03
1.115000000000000000e+03
1.095000000000000000e+03
1.085000000000000000e+03
1.072000000000000000e+03
1.051000000000000000e+03
1.051000000000000000e+03
1.031000000000000000e+03
1.018000000000000000e+03
1.025000000000000000e+03
1.020000000000000000e+03
1.010000000000000000e+03
9.820000000000000000e+02
8.400000000000000000e+02
7.810000000000000000e+02
7.540000000000000000e+02
7.370000000000000000e+02
6.850000000000000000e+02
7.090000000000000000e+02
6.850000000000000000e+02
6.500000000000000000e+02
6.140000000000000000e+02
5.820000000000000000e+02
5.340000000000000000e+02
