2.384000000000000000e+03
2.384000000000000000e+03
2.385000000000000000e+03
2.408000000000000000e+03
2.424000000000000000e+03
2.418000000000000000e+03
2.415000000000000000e+03
2.429000000000000000e+03
2.462000000000000000e+03
2.461000000000000000e+03
2.468000000000000000e+03
2.487000000000000000e+03
2.486000000000000000e+03
2.485000000000000000e+03
2.523000000000000000e+03
2.545000000000000000e+03
2.566000000000000000e+03
2.591000000000000000e+03
2.637000000000000000e+03
2.649000000000000000e+03
2.664000000000000000e+03
2.709000000000000000e+03
2.701000000000000000e+03
2.688000000000000000e+03
2.697000000000000000e+03
2.694000000000000000e+03
2.667000000000000000e+03
2.663000000000000000e+03
2.696000000000000000e+03
2.725000000000000000e+03
2.753000000000000000e+03
2.771000000000000000e+03
