6.670000000000000000e+02
6.480000000000000000e+02
6.530000000000000000e+02
6.580000000000000000e+02
6.460000000000000000e+02
6.360000000000000000e+02
6.350000000000000000e+02
6.460000000000000000e+02
6.500000000000000000e+02
6.470000000000000000e+02
6.420000000000000000e+02
6.490000000000000000e+02
6.420000000000000000e+02
6.430000000000000000e+02
6.500000000000000000e+02
6.560000000000000000e+02
6.450000000000000000e+02
6.410000000000000000e+02
6.420000000000000000e+02
6.310000000000000000e+02
6.140000000000000000e+02
6.350000000000000000e+02
6.230000000000000000e+02
6.060000000000000000e+02
6.350000000000000000e+02
6.500000000000000000e+02
6.760000000000000000e+02
6.970000000000000000e+02
7.070000000000000000e+02
7.280000000000000000e+02
7.500000000000000000e+02
7.350000000000000000e+02
