9.760000000000000000e+02
9.540000000000000000e+02
9.040000000000000000e+02
8.710000000000000000e+02
8.550000000000000000e+02
8.110000000000000000e+02
8.050000000000000000e+02
7.750000000000000000e+02
7.480000000000000000e+02
7.070000000000000000e+02
6.740000000000000000e+02
6.320000000000000000e+02
6.160000000000000000e+02
6.140000000000000000e+02
6.110000000000000000e+02
6.100000000000000000e+02
5.810000000000000000e+02
5.470000000000000000e+02
5.480000000000000000e+02
5.500000000000000000e+02
5.540000000000000000e+02
5.560000000000000000e+02
5.610000000000000000e+02
5.610000000000000000e+02
5.470000000000000000e+02
5.480000000000000000e+02
5.480000000000000000e+02
5.670000000000000000e+02
5.620000000000000000e+02
5.530000000000000000e+02
5.420000000000000000e+02
5.260000000000000000e+02
