4.700000000000000000e+01
4.700000000000000000e+01
4.700000000000000000e+01
5.200000000000000000e+01
5.900000000000000000e+01
4.500000000000000000e+01
4.700000000000000000e+01
5.100000000000000000e+01
4.500000000000000000e+01
5.300000000000000000e+01
5.600000000000000000e+01
6.500000000000000000e+01
6.800000000000000000e+01
7.200000000000000000e+01
7.600000000000000000e+01
7.500000000000000000e+01
6.700000000000000000e+01
6.100000000000000000e+01
5.900000000000000000e+01
4.500000000000000000e+01
4.300000000000000000e+01
3.600000000000000000e+01
3.400000000000000000e+01
3.700000000000000000e+01
5.100000000000000000e+01
5.700000000000000000e+01
7.100000000000000000e+01
7.800000000000000000e+01
8.400000000000000000e+01
8.600000000000000000e+01
9.800000000000000000e+01
1.090000000000000000e+02
