1.800000000000000000e+01
1.800000000000000000e+01
1.800000000000000000e+01
1.900000000000000000e+01
2.400000000000000000e+01
2.800000000000000000e+01
2.700000000000000000e+01
2.700000000000000000e+01
2.900000000000000000e+01
2.800000000000000000e+01
3.200000000000000000e+01
3.500000000000000000e+01
3.900000000000000000e+01
4.400000000000000000e+01
4.200000000000000000e+01
4.500000000000000000e+01
4.300000000000000000e+01
4.000000000000000000e+01
3.700000000000000000e+01
3.400000000000000000e+01
3.300000000000000000e+01
4.100000000000000000e+01
3.500000000000000000e+01
2.800000000000000000e+01
2.700000000000000000e+01
3.300000000000000000e+01
4.100000000000000000e+01
5.400000000000000000e+01
7.300000000000000000e+01
6.900000000000000000e+01
8.100000000000000000e+01
9.600000000000000000e+01
