8.010000000000000000e+02
7.870000000000000000e+02
7.990000000000000000e+02
8.210000000000000000e+02
8.090000000000000000e+02
7.790000000000000000e+02
7.850000000000000000e+02
7.790000000000000000e+02
7.810000000000000000e+02
7.850000000000000000e+02
7.830000000000000000e+02
7.750000000000000000e+02
7.520000000000000000e+02
7.450000000000000000e+02
7.190000000000000000e+02
7.030000000000000000e+02
6.820000000000000000e+02
6.720000000000000000e+02
6.900000000000000000e+02
7.150000000000000000e+02
7.240000000000000000e+02
7.740000000000000000e+02
8.010000000000000000e+02
8.350000000000000000e+02
8.860000000000000000e+02
9.620000000000000000e+02
1.036000000000000000e+03
1.084000000000000000e+03
1.097000000000000000e+03
1.149000000000000000e+03
1.187000000000000000e+03
1.227000000000000000e+03
