1.036000000000000000e+03
1.012000000000000000e+03
9.920000000000000000e+02
1.008000000000000000e+03
1.002000000000000000e+03
9.950000000000000000e+02
9.720000000000000000e+02
9.670000000000000000e+02
9.760000000000000000e+02
9.950000000000000000e+02
9.690000000000000000e+02
9.900000000000000000e+02
9.930000000000000000e+02
1.009000000000000000e+03
1.037000000000000000e+03
1.048000000000000000e+03
1.112000000000000000e+03
1.131000000000000000e+03
1.146000000000000000e+03
1.187000000000000000e+03
1.229000000000000000e+03
1.222000000000000000e+03
1.285000000000000000e+03
1.314000000000000000e+03
1.340000000000000000e+03
1.297000000000000000e+03
1.263000000000000000e+03
1.263000000000000000e+03
1.249000000000000000e+03
1.245000000000000000e+03
1.223000000000000000e+03
1.218000000000000000e+03
