1.238000000000000000e+03
1.214000000000000000e+03
1.168000000000000000e+03
1.165000000000000000e+03
1.156000000000000000e+03
1.147000000000000000e+03
1.192000000000000000e+03
1.169000000000000000e+03
1.105000000000000000e+03
1.117000000000000000e+03
1.103000000000000000e+03
1.082000000000000000e+03
1.039000000000000000e+03
1.067000000000000000e+03
1.052000000000000000e+03
1.026000000000000000e+03
1.004000000000000000e+03
9.900000000000000000e+02
1.006000000000000000e+03
1.042000000000000000e+03
1.043000000000000000e+03
1.046000000000000000e+03
1.090000000000000000e+03
1.105000000000000000e+03
1.118000000000000000e+03
1.126000000000000000e+03
1.147000000000000000e+03
1.162000000000000000e+03
1.162000000000000000e+03
1.195000000000000000e+03
1.210000000000000000e+03
1.193000000000000000e+03
