1.457000000000000000e+03
1.425000000000000000e+03
1.408000000000000000e+03
1.383000000000000000e+03
1.367000000000000000e+03
1.366000000000000000e+03
1.383000000000000000e+03
1.388000000000000000e+03
1.350000000000000000e+03
1.344000000000000000e+03
1.360000000000000000e+03
1.358000000000000000e+03
1.372000000000000000e+03
1.424000000000000000e+03
1.410000000000000000e+03
1.427000000000000000e+03
1.439000000000000000e+03
1.421000000000000000e+03
1.442000000000000000e+03
1.460000000000000000e+03
1.459000000000000000e+03
1.470000000000000000e+03
1.484000000000000000e+03
1.484000000000000000e+03
1.491000000000000000e+03
1.515000000000000000e+03
1.565000000000000000e+03
1.555000000000000000e+03
1.568000000000000000e+03
1.544000000000000000e+03
1.537000000000000000e+03
1.516000000000000000e+03
