1.709000000000000000e+03
1.664000000000000000e+03
1.606000000000000000e+03
1.575000000000000000e+03
1.539000000000000000e+03
1.539000000000000000e+03
1.478000000000000000e+03
1.457000000000000000e+03
1.452000000000000000e+03
1.440000000000000000e+03
1.443000000000000000e+03
1.419000000000000000e+03
1.401000000000000000e+03
1.366000000000000000e+03
1.347000000000000000e+03
1.346000000000000000e+03
1.352000000000000000e+03
1.352000000000000000e+03
1.324000000000000000e+03
1.335000000000000000e+03
1.347000000000000000e+03
1.348000000000000000e+03
1.353000000000000000e+03
1.391000000000000000e+03
1.379000000000000000e+03
1.391000000000000000e+03
1.396000000000000000e+03
1.397000000000000000e+03
1.426000000000000000e+03
1.452000000000000000e+03
1.455000000000000000e+03
1.472000000000000000e+03
