1.780000000000000000e+03
1.778000000000000000e+03
1.779000000000000000e+03
1.791000000000000000e+03
1.784000000000000000e+03
1.722000000000000000e+03
1.686000000000000000e+03
1.640000000000000000e+03
1.693000000000000000e+03
1.736000000000000000e+03
1.814000000000000000e+03
1.815000000000000000e+03
1.807000000000000000e+03
1.844000000000000000e+03
1.924000000000000000e+03
2.020000000000000000e+03
2.108000000000000000e+03
2.227000000000000000e+03
2.243000000000000000e+03
2.304000000000000000e+03
2.339000000000000000e+03
2.403000000000000000e+03
2.505000000000000000e+03
2.557000000000000000e+03
2.558000000000000000e+03
2.601000000000000000e+03
2.624000000000000000e+03
2.638000000000000000e+03
2.665000000000000000e+03
2.672000000000000000e+03
2.649000000000000000e+03
2.632000000000000000e+03
