1.124000000000000000e+03
1.160000000000000000e+03
1.175000000000000000e+03
1.178000000000000000e+03
1.199000000000000000e+03
1.214000000000000000e+03
1.264000000000000000e+03
1.271000000000000000e+03
1.289000000000000000e+03
1.293000000000000000e+03
1.282000000000000000e+03
1.293000000000000000e+03
1.292000000000000000e+03
1.291000000000000000e+03
1.291000000000000000e+03
1.274000000000000000e+03
1.228000000000000000e+03
1.271000000000000000e+03
1.283000000000000000e+03
1.316000000000000000e+03
1.315000000000000000e+03
1.329000000000000000e+03
1.343000000000000000e+03
1.375000000000000000e+03
1.384000000000000000e+03
1.410000000000000000e+03
1.418000000000000000e+03
1.445000000000000000e+03
1.440000000000000000e+03
1.432000000000000000e+03
1.412000000000000000e+03
1.422000000000000000e+03
