2.401000000000000000e+03
2.359000000000000000e+03
2.263000000000000000e+03
2.224000000000000000e+03
2.202000000000000000e+03
2.165000000000000000e+03
2.123000000000000000e+03
2.073000000000000000e+03
2.045000000000000000e+03
2.010000000000000000e+03
2.027000000000000000e+03
2.036000000000000000e+03
2.081000000000000000e+03
2.116000000000000000e+03
2.136000000000000000e+03
2.137000000000000000e+03
2.219000000000000000e+03
2.282000000000000000e+03
2.284000000000000000e+03
2.308000000000000000e+03
2.317000000000000000e+03
2.324000000000000000e+03
2.321000000000000000e+03
2.343000000000000000e+03
2.335000000000000000e+03
2.353000000000000000e+03
2.343000000000000000e+03
2.327000000000000000e+03
2.358000000000000000e+03
2.335000000000000000e+03
2.302000000000000000e+03
2.262000000000000000e+03
