5.309000000000000000e+03
5.220000000000000000e+03
5.103000000000000000e+03
5.050000000000000000e+03
4.933000000000000000e+03
4.869000000000000000e+03
4.776000000000000000e+03
4.734000000000000000e+03
4.648000000000000000e+03
4.550000000000000000e+03
4.516000000000000000e+03
4.435000000000000000e+03
4.379000000000000000e+03
4.350000000000000000e+03
4.298000000000000000e+03
4.282000000000000000e+03
4.246000000000000000e+03
4.202000000000000000e+03
4.181000000000000000e+03
4.206000000000000000e+03
4.217000000000000000e+03
4.208000000000000000e+03
4.222000000000000000e+03
4.238000000000000000e+03
4.215000000000000000e+03
4.255000000000000000e+03
4.319000000000000000e+03
4.314000000000000000e+03
4.319000000000000000e+03
4.320000000000000000e+03
4.331000000000000000e+03
4.318000000000000000e+03
