2.449000000000000000e+03
2.528000000000000000e+03
2.599000000000000000e+03
2.682000000000000000e+03
2.674000000000000000e+03
2.715000000000000000e+03
2.727000000000000000e+03
2.735000000000000000e+03
2.761000000000000000e+03
2.757000000000000000e+03
2.750000000000000000e+03
2.747000000000000000e+03
2.693000000000000000e+03
2.628000000000000000e+03
2.629000000000000000e+03
2.583000000000000000e+03
2.578000000000000000e+03
2.551000000000000000e+03
2.486000000000000000e+03
2.431000000000000000e+03
2.400000000000000000e+03
2.371000000000000000e+03
2.406000000000000000e+03
2.402000000000000000e+03
2.383000000000000000e+03
2.370000000000000000e+03
2.343000000000000000e+03
2.340000000000000000e+03
2.375000000000000000e+03
2.375000000000000000e+03
2.350000000000000000e+03
2.293000000000000000e+03
