4.720000000000000000e+02
4.360000000000000000e+02
3.950000000000000000e+02
3.690000000000000000e+02
3.660000000000000000e+02
3.730000000000000000e+02
3.900000000000000000e+02
4.120000000000000000e+02
4.440000000000000000e+02
4.810000000000000000e+02
5.110000000000000000e+02
5.250000000000000000e+02
5.490000000000000000e+02
5.950000000000000000e+02
5.980000000000000000e+02
6.150000000000000000e+02
6.340000000000000000e+02
6.430000000000000000e+02
6.470000000000000000e+02
6.640000000000000000e+02
6.860000000000000000e+02
7.090000000000000000e+02
7.190000000000000000e+02
7.220000000000000000e+02
7.470000000000000000e+02
7.460000000000000000e+02
7.810000000000000000e+02
7.830000000000000000e+02
7.980000000000000000e+02
8.060000000000000000e+02
8.210000000000000000e+02
8.330000000000000000e+02
