1.594000000000000000e+03
1.619000000000000000e+03
1.633000000000000000e+03
1.667000000000000000e+03
1.665000000000000000e+03
1.690000000000000000e+03
1.703000000000000000e+03
1.718000000000000000e+03
1.718000000000000000e+03
1.692000000000000000e+03
1.670000000000000000e+03
1.678000000000000000e+03
1.692000000000000000e+03
1.706000000000000000e+03
1.689000000000000000e+03
1.649000000000000000e+03
1.623000000000000000e+03
1.581000000000000000e+03
1.637000000000000000e+03
1.669000000000000000e+03
1.743000000000000000e+03
1.741000000000000000e+03
1.742000000000000000e+03
1.779000000000000000e+03
1.873000000000000000e+03
1.963000000000000000e+03
2.048000000000000000e+03
2.140000000000000000e+03
2.154000000000000000e+03
2.204000000000000000e+03
2.241000000000000000e+03
2.315000000000000000e+03
