2.436000000000000000e+03
2.429000000000000000e+03
2.418000000000000000e+03
2.423000000000000000e+03
2.412000000000000000e+03
2.393000000000000000e+03
2.357000000000000000e+03
2.373000000000000000e+03
2.393000000000000000e+03
2.398000000000000000e+03
2.376000000000000000e+03
2.348000000000000000e+03
2.278000000000000000e+03
2.217000000000000000e+03
2.186000000000000000e+03
2.137000000000000000e+03
2.089000000000000000e+03
2.050000000000000000e+03
2.018000000000000000e+03
1.986000000000000000e+03
2.003000000000000000e+03
1.994000000000000000e+03
2.058000000000000000e+03
2.096000000000000000e+03
2.135000000000000000e+03
2.147000000000000000e+03
2.230000000000000000e+03
2.257000000000000000e+03
2.255000000000000000e+03
2.271000000000000000e+03
2.270000000000000000e+03
2.256000000000000000e+03
