2.410000000000000000e+03
2.419000000000000000e+03
2.412000000000000000e+03
2.411000000000000000e+03
2.434000000000000000e+03
2.444000000000000000e+03
2.454000000000000000e+03
2.459000000000000000e+03
2.482000000000000000e+03
2.502000000000000000e+03
2.501000000000000000e+03
2.466000000000000000e+03
2.470000000000000000e+03
2.470000000000000000e+03
2.496000000000000000e+03
2.456000000000000000e+03
2.455000000000000000e+03
2.397000000000000000e+03
2.351000000000000000e+03
2.379000000000000000e+03
2.400000000000000000e+03
2.512000000000000000e+03
2.542000000000000000e+03
2.576000000000000000e+03
2.572000000000000000e+03
2.639000000000000000e+03
2.678000000000000000e+03
2.715000000000000000e+03
2.767000000000000000e+03
2.853000000000000000e+03
2.864000000000000000e+03
2.840000000000000000e+03
