3.490000000000000000e+03
3.521000000000000000e+03
3.591000000000000000e+03
3.674000000000000000e+03
3.731000000000000000e+03
3.798000000000000000e+03
3.856000000000000000e+03
3.932000000000000000e+03
4.004000000000000000e+03
4.074000000000000000e+03
4.123000000000000000e+03
4.171000000000000000e+03
4.217000000000000000e+03
4.282000000000000000e+03
4.359000000000000000e+03
4.410000000000000000e+03
4.474000000000000000e+03
4.541000000000000000e+03
4.617000000000000000e+03
4.675000000000000000e+03
4.727000000000000000e+03
4.783000000000000000e+03
4.836000000000000000e+03
4.892000000000000000e+03
4.939000000000000000e+03
4.925000000000000000e+03
4.932000000000000000e+03
4.965000000000000000e+03
5.021000000000000000e+03
5.088000000000000000e+03
5.137000000000000000e+03
5.199000000000000000e+03
