1.539000000000000000e+03
1.541000000000000000e+03
1.555000000000000000e+03
1.561000000000000000e+03
1.577000000000000000e+03
1.571000000000000000e+03
1.595000000000000000e+03
1.593000000000000000e+03
1.604000000000000000e+03
1.611000000000000000e+03
1.640000000000000000e+03
1.662000000000000000e+03
1.640000000000000000e+03
1.642000000000000000e+03
1.692000000000000000e+03
1.692000000000000000e+03
1.703000000000000000e+03
1.739000000000000000e+03
1.790000000000000000e+03
1.860000000000000000e+03
1.881000000000000000e+03
1.958000000000000000e+03
2.063000000000000000e+03
2.153000000000000000e+03
2.210000000000000000e+03
2.258000000000000000e+03
2.300000000000000000e+03
2.325000000000000000e+03
2.388000000000000000e+03
2.392000000000000000e+03
2.423000000000000000e+03
2.412000000000000000e+03
