2.389000000000000000e+03
2.356000000000000000e+03
2.335000000000000000e+03
2.377000000000000000e+03
2.417000000000000000e+03
2.338000000000000000e+03
2.303000000000000000e+03
2.286000000000000000e+03
2.231000000000000000e+03
2.217000000000000000e+03
2.219000000000000000e+03
2.278000000000000000e+03
2.291000000000000000e+03
2.310000000000000000e+03
2.309000000000000000e+03
2.369000000000000000e+03
2.425000000000000000e+03
2.504000000000000000e+03
2.577000000000000000e+03
2.713000000000000000e+03
2.753000000000000000e+03
2.812000000000000000e+03
2.851000000000000000e+03
2.894000000000000000e+03
2.960000000000000000e+03
2.943000000000000000e+03
2.911000000000000000e+03
2.933000000000000000e+03
2.919000000000000000e+03
2.882000000000000000e+03
2.855000000000000000e+03
2.865000000000000000e+03
