6.800000000000000000e+01
7.100000000000000000e+01
7.100000000000000000e+01
7.500000000000000000e+01
7.700000000000000000e+01
7.400000000000000000e+01
7.400000000000000000e+01
6.800000000000000000e+01
7.200000000000000000e+01
7.000000000000000000e+01
8.300000000000000000e+01
7.900000000000000000e+01
8.300000000000000000e+01
7.700000000000000000e+01
7.800000000000000000e+01
7.500000000000000000e+01
7.000000000000000000e+01
6.700000000000000000e+01
6.700000000000000000e+01
6.800000000000000000e+01
5.800000000000000000e+01
6.200000000000000000e+01
5.900000000000000000e+01
6.100000000000000000e+01
6.800000000000000000e+01
7.100000000000000000e+01
7.700000000000000000e+01
8.500000000000000000e+01
1.020000000000000000e+02
1.100000000000000000e+02
1.290000000000000000e+02
1.370000000000000000e+02
