2.988600000000000000e+04
2.994600000000000000e+04
3.003400000000000000e+04
3.033000000000000000e+04
3.052600000000000000e+04
3.067000000000000000e+04
3.075500000000000000e+04
3.082700000000000000e+04
3.093400000000000000e+04
3.103300000000000000e+04
3.113200000000000000e+04
3.128600000000000000e+04
3.141300000000000000e+04
3.148400000000000000e+04
3.164300000000000000e+04
3.181400000000000000e+04
3.202700000000000000e+04
3.225300000000000000e+04
3.241400000000000000e+04
3.285900000000000000e+04
3.311500000000000000e+04
3.356500000000000000e+04
3.375900000000000000e+04
3.407700000000000000e+04
3.426100000000000000e+04
3.438800000000000000e+04
3.453000000000000000e+04
3.463400000000000000e+04
3.478400000000000000e+04
3.497100000000000000e+04
3.499000000000000000e+04
3.509200000000000000e+04
