2.040000000000000000e+02
2.010000000000000000e+02
2.070000000000000000e+02
2.110000000000000000e+02
2.170000000000000000e+02
2.190000000000000000e+02
2.100000000000000000e+02
1.990000000000000000e+02
1.940000000000000000e+02
1.820000000000000000e+02
1.600000000000000000e+02
1.490000000000000000e+02
1.410000000000000000e+02
1.480000000000000000e+02
1.600000000000000000e+02
1.550000000000000000e+02
1.720000000000000000e+02
1.770000000000000000e+02
1.980000000000000000e+02
2.160000000000000000e+02
2.510000000000000000e+02
2.780000000000000000e+02
2.860000000000000000e+02
3.170000000000000000e+02
3.180000000000000000e+02
3.390000000000000000e+02
3.640000000000000000e+02
3.650000000000000000e+02
3.770000000000000000e+02
3.700000000000000000e+02
3.910000000000000000e+02
4.040000000000000000e+02
