1.894000000000000000e+03
1.844000000000000000e+03
1.774000000000000000e+03
1.747000000000000000e+03
1.689000000000000000e+03
1.675000000000000000e+03
1.655000000000000000e+03
1.614000000000000000e+03
1.616000000000000000e+03
1.611000000000000000e+03
1.585000000000000000e+03
1.578000000000000000e+03
1.598000000000000000e+03
1.589000000000000000e+03
1.598000000000000000e+03
1.584000000000000000e+03
1.626000000000000000e+03
1.626000000000000000e+03
1.623000000000000000e+03
1.661000000000000000e+03
1.680000000000000000e+03
1.716000000000000000e+03
1.678000000000000000e+03
1.703000000000000000e+03
1.753000000000000000e+03
1.772000000000000000e+03
1.775000000000000000e+03
1.824000000000000000e+03
1.870000000000000000e+03
1.915000000000000000e+03
1.927000000000000000e+03
1.958000000000000000e+03
