2.459000000000000000e+03
2.450000000000000000e+03
2.465000000000000000e+03
2.466000000000000000e+03
2.459000000000000000e+03
2.480000000000000000e+03
2.478000000000000000e+03
2.450000000000000000e+03
2.426000000000000000e+03
2.417000000000000000e+03
2.436000000000000000e+03
2.460000000000000000e+03
2.460000000000000000e+03
2.446000000000000000e+03
2.461000000000000000e+03
2.493000000000000000e+03
2.512000000000000000e+03
2.531000000000000000e+03
2.565000000000000000e+03
2.576000000000000000e+03
2.593000000000000000e+03
2.551000000000000000e+03
2.563000000000000000e+03
2.602000000000000000e+03
2.620000000000000000e+03
2.568000000000000000e+03
2.572000000000000000e+03
2.514000000000000000e+03
2.489000000000000000e+03
2.466000000000000000e+03
2.451000000000000000e+03
2.514000000000000000e+03
