1.245000000000000000e+03
1.216000000000000000e+03
1.200000000000000000e+03
1.196000000000000000e+03
1.192000000000000000e+03
1.198000000000000000e+03
1.185000000000000000e+03
1.146000000000000000e+03
1.125000000000000000e+03
1.108000000000000000e+03
1.081000000000000000e+03
9.900000000000000000e+02
9.690000000000000000e+02
9.360000000000000000e+02
9.080000000000000000e+02
9.030000000000000000e+02
8.700000000000000000e+02
8.520000000000000000e+02
8.550000000000000000e+02
8.380000000000000000e+02
8.200000000000000000e+02
7.960000000000000000e+02
7.660000000000000000e+02
7.470000000000000000e+02
7.330000000000000000e+02
7.190000000000000000e+02
7.190000000000000000e+02
7.280000000000000000e+02
7.140000000000000000e+02
7.230000000000000000e+02
7.270000000000000000e+02
7.250000000000000000e+02
