1.630000000000000000e+02
1.610000000000000000e+02
1.570000000000000000e+02
1.510000000000000000e+02
1.440000000000000000e+02
1.330000000000000000e+02
1.290000000000000000e+02
1.110000000000000000e+02
1.060000000000000000e+02
9.500000000000000000e+01
8.500000000000000000e+01
6.600000000000000000e+01
6.600000000000000000e+01
6.300000000000000000e+01
7.600000000000000000e+01
8.600000000000000000e+01
9.800000000000000000e+01
1.210000000000000000e+02
1.290000000000000000e+02
1.390000000000000000e+02
1.470000000000000000e+02
1.570000000000000000e+02
1.720000000000000000e+02
1.920000000000000000e+02
1.880000000000000000e+02
2.040000000000000000e+02
2.120000000000000000e+02
2.190000000000000000e+02
2.400000000000000000e+02
2.460000000000000000e+02
2.460000000000000000e+02
2.600000000000000000e+02
