1.370000000000000000e+03
1.362000000000000000e+03
1.311000000000000000e+03
1.289000000000000000e+03
1.260000000000000000e+03
1.239000000000000000e+03
1.210000000000000000e+03
1.179000000000000000e+03
1.161000000000000000e+03
1.179000000000000000e+03
1.213000000000000000e+03
1.104000000000000000e+03
1.096000000000000000e+03
1.110000000000000000e+03
1.137000000000000000e+03
1.149000000000000000e+03
1.169000000000000000e+03
1.235000000000000000e+03
1.253000000000000000e+03
1.290000000000000000e+03
1.290000000000000000e+03
1.303000000000000000e+03
1.339000000000000000e+03
1.402000000000000000e+03
1.403000000000000000e+03
1.395000000000000000e+03
1.404000000000000000e+03
1.396000000000000000e+03
1.388000000000000000e+03
1.397000000000000000e+03
1.404000000000000000e+03
1.387000000000000000e+03
