7.350000000000000000e+02
7.550000000000000000e+02
7.730000000000000000e+02
8.280000000000000000e+02
8.410000000000000000e+02
8.730000000000000000e+02
9.000000000000000000e+02
9.400000000000000000e+02
9.460000000000000000e+02
9.720000000000000000e+02
9.850000000000000000e+02
9.330000000000000000e+02
9.300000000000000000e+02
9.020000000000000000e+02
9.090000000000000000e+02
8.900000000000000000e+02
8.820000000000000000e+02
8.620000000000000000e+02
8.540000000000000000e+02
8.270000000000000000e+02
8.130000000000000000e+02
7.890000000000000000e+02
7.880000000000000000e+02
7.990000000000000000e+02
7.900000000000000000e+02
7.900000000000000000e+02
7.880000000000000000e+02
7.900000000000000000e+02
7.710000000000000000e+02
7.650000000000000000e+02
7.730000000000000000e+02
7.610000000000000000e+02
