1.448000000000000000e+03
1.508000000000000000e+03
1.522000000000000000e+03
1.596000000000000000e+03
1.617000000000000000e+03
1.641000000000000000e+03
1.669000000000000000e+03
1.694000000000000000e+03
1.718000000000000000e+03
1.683000000000000000e+03
1.714000000000000000e+03
1.598000000000000000e+03
1.587000000000000000e+03
1.554000000000000000e+03
1.541000000000000000e+03
1.511000000000000000e+03
1.501000000000000000e+03
1.516000000000000000e+03
1.486000000000000000e+03
1.503000000000000000e+03
1.475000000000000000e+03
1.461000000000000000e+03
1.460000000000000000e+03
1.464000000000000000e+03
1.421000000000000000e+03
1.392000000000000000e+03
1.373000000000000000e+03
1.330000000000000000e+03
1.321000000000000000e+03
1.269000000000000000e+03
1.238000000000000000e+03
1.229000000000000000e+03
