1.134000000000000000e+03
1.146000000000000000e+03
1.141000000000000000e+03
1.099000000000000000e+03
1.114000000000000000e+03
1.088000000000000000e+03
1.072000000000000000e+03
1.051000000000000000e+03
1.047000000000000000e+03
1.013000000000000000e+03
1.000000000000000000e+03
8.870000000000000000e+02
8.850000000000000000e+02
8.930000000000000000e+02
8.910000000000000000e+02
8.860000000000000000e+02
8.840000000000000000e+02
8.760000000000000000e+02
8.630000000000000000e+02
8.480000000000000000e+02
8.530000000000000000e+02
8.390000000000000000e+02
8.100000000000000000e+02
7.740000000000000000e+02
7.410000000000000000e+02
7.000000000000000000e+02
6.650000000000000000e+02
6.510000000000000000e+02
6.750000000000000000e+02
7.120000000000000000e+02
7.090000000000000000e+02
7.400000000000000000e+02
