1.900100000000000000e+04
1.896700000000000000e+04
1.889100000000000000e+04
1.897300000000000000e+04
1.892600000000000000e+04
1.889600000000000000e+04
1.890400000000000000e+04
1.889700000000000000e+04
1.891200000000000000e+04
1.889700000000000000e+04
1.899700000000000000e+04
1.784500000000000000e+04
1.784900000000000000e+04
1.785500000000000000e+04
1.792600000000000000e+04
1.793600000000000000e+04
1.793800000000000000e+04
1.799200000000000000e+04
1.792600000000000000e+04
1.805200000000000000e+04
1.800700000000000000e+04
1.776300000000000000e+04
1.767800000000000000e+04
1.773400000000000000e+04
1.762600000000000000e+04
1.761400000000000000e+04
1.757600000000000000e+04
1.754900000000000000e+04
1.754500000000000000e+04
1.749200000000000000e+04
1.741900000000000000e+04
1.733900000000000000e+04
