2.634000000000000000e+03
2.675000000000000000e+03
2.707000000000000000e+03
2.756000000000000000e+03
2.799000000000000000e+03
2.835000000000000000e+03
2.865000000000000000e+03
2.896000000000000000e+03
2.942000000000000000e+03
2.981000000000000000e+03
2.996000000000000000e+03
2.760000000000000000e+03
2.797000000000000000e+03
2.832000000000000000e+03
2.881000000000000000e+03
2.898000000000000000e+03
2.921000000000000000e+03
2.967000000000000000e+03
2.977000000000000000e+03
2.982000000000000000e+03
3.001000000000000000e+03
3.019000000000000000e+03
3.009000000000000000e+03
3.003000000000000000e+03
2.978000000000000000e+03
2.965000000000000000e+03
2.943000000000000000e+03
2.962000000000000000e+03
2.987000000000000000e+03
3.023000000000000000e+03
3.033000000000000000e+03
3.067000000000000000e+03
