1.500000000000000000e+01
1.300000000000000000e+01
1.600000000000000000e+01
1.500000000000000000e+01
1.300000000000000000e+01
1.500000000000000000e+01
1.600000000000000000e+01
2.000000000000000000e+01
1.700000000000000000e+01
2.000000000000000000e+01
1.800000000000000000e+01
2.100000000000000000e+01
1.900000000000000000e+01
1.800000000000000000e+01
2.100000000000000000e+01
2.000000000000000000e+01
2.100000000000000000e+01
2.200000000000000000e+01
2.800000000000000000e+01
3.500000000000000000e+01
3.300000000000000000e+01
3.100000000000000000e+01
3.200000000000000000e+01
4.000000000000000000e+01
4.400000000000000000e+01
4.100000000000000000e+01
3.800000000000000000e+01
3.300000000000000000e+01
2.500000000000000000e+01
2.200000000000000000e+01
1.800000000000000000e+01
2.000000000000000000e+01
