6.982000000000000000e+03
6.898000000000000000e+03
6.831000000000000000e+03
6.813000000000000000e+03
6.708000000000000000e+03
6.673000000000000000e+03
6.589000000000000000e+03
6.500000000000000000e+03
6.456000000000000000e+03
6.377000000000000000e+03
6.278000000000000000e+03
6.218000000000000000e+03
6.191000000000000000e+03
6.138000000000000000e+03
6.118000000000000000e+03
6.097000000000000000e+03
6.091000000000000000e+03
6.078000000000000000e+03
6.076000000000000000e+03
6.156000000000000000e+03
6.223000000000000000e+03
6.296000000000000000e+03
6.398000000000000000e+03
6.533000000000000000e+03
6.663000000000000000e+03
6.807000000000000000e+03
6.868000000000000000e+03
6.981000000000000000e+03
7.072000000000000000e+03
7.162000000000000000e+03
7.320000000000000000e+03
7.412000000000000000e+03
