3.991000000000000000e+03
3.984000000000000000e+03
4.046000000000000000e+03
4.114000000000000000e+03
4.176000000000000000e+03
4.214000000000000000e+03
4.194000000000000000e+03
4.225000000000000000e+03
4.296000000000000000e+03
4.293000000000000000e+03
4.209000000000000000e+03
4.215000000000000000e+03
4.113000000000000000e+03
4.082000000000000000e+03
4.065000000000000000e+03
4.019000000000000000e+03
4.006000000000000000e+03
3.998000000000000000e+03
3.917000000000000000e+03
3.873000000000000000e+03
3.894000000000000000e+03
3.873000000000000000e+03
3.876000000000000000e+03
3.931000000000000000e+03
3.909000000000000000e+03
3.995000000000000000e+03
3.990000000000000000e+03
3.980000000000000000e+03
3.928000000000000000e+03
3.948000000000000000e+03
3.913000000000000000e+03
3.949000000000000000e+03
