2.320000000000000000e+03
2.354000000000000000e+03
2.406000000000000000e+03
2.485000000000000000e+03
2.549000000000000000e+03
2.550000000000000000e+03
2.512000000000000000e+03
2.552000000000000000e+03
2.529000000000000000e+03
2.520000000000000000e+03
2.547000000000000000e+03
2.535000000000000000e+03
2.516000000000000000e+03
2.524000000000000000e+03
2.539000000000000000e+03
2.591000000000000000e+03
2.619000000000000000e+03
2.620000000000000000e+03
2.636000000000000000e+03
2.664000000000000000e+03
2.641000000000000000e+03
2.627000000000000000e+03
2.627000000000000000e+03
2.571000000000000000e+03
2.476000000000000000e+03
2.361000000000000000e+03
2.246000000000000000e+03
2.260000000000000000e+03
2.310000000000000000e+03
2.370000000000000000e+03
2.414000000000000000e+03
2.548000000000000000e+03
