8.861000000000000000e+03
9.026000000000000000e+03
9.208000000000000000e+03
9.396000000000000000e+03
9.513000000000000000e+03
9.676000000000000000e+03
9.894000000000000000e+03
1.010000000000000000e+04
1.025500000000000000e+04
1.044200000000000000e+04
1.058900000000000000e+04
1.077200000000000000e+04
1.089900000000000000e+04
1.105600000000000000e+04
1.126500000000000000e+04
1.142500000000000000e+04
1.160000000000000000e+04
1.178900000000000000e+04
1.196200000000000000e+04
1.214100000000000000e+04
1.228200000000000000e+04
1.235800000000000000e+04
1.254300000000000000e+04
1.272200000000000000e+04
1.277600000000000000e+04
1.283700000000000000e+04
1.285400000000000000e+04
1.297900000000000000e+04
1.313200000000000000e+04
1.326100000000000000e+04
1.342200000000000000e+04
1.356600000000000000e+04
