1.500000000000000000e+01
1.700000000000000000e+01
1.600000000000000000e+01
1.900000000000000000e+01
1.900000000000000000e+01
2.300000000000000000e+01
2.700000000000000000e+01
2.900000000000000000e+01
2.900000000000000000e+01
3.400000000000000000e+01
3.400000000000000000e+01
3.900000000000000000e+01
4.400000000000000000e+01
4.900000000000000000e+01
5.400000000000000000e+01
5.200000000000000000e+01
5.100000000000000000e+01
5.000000000000000000e+01
5.600000000000000000e+01
5.600000000000000000e+01
6.300000000000000000e+01
5.600000000000000000e+01
5.800000000000000000e+01
6.300000000000000000e+01
6.300000000000000000e+01
6.000000000000000000e+01
6.000000000000000000e+01
6.100000000000000000e+01
6.300000000000000000e+01
6.000000000000000000e+01
5.000000000000000000e+01
4.900000000000000000e+01
