5.727000000000000000e+03
5.687000000000000000e+03
5.669000000000000000e+03
5.767000000000000000e+03
5.717000000000000000e+03
5.705000000000000000e+03
5.747000000000000000e+03
5.793000000000000000e+03
5.784000000000000000e+03
5.789000000000000000e+03
5.822000000000000000e+03
5.828000000000000000e+03
5.798000000000000000e+03
5.863000000000000000e+03
5.841000000000000000e+03
5.867000000000000000e+03
5.909000000000000000e+03
5.935000000000000000e+03
5.874000000000000000e+03
5.933000000000000000e+03
6.050000000000000000e+03
5.971000000000000000e+03
6.047000000000000000e+03
6.080000000000000000e+03
6.044000000000000000e+03
5.986000000000000000e+03
5.922000000000000000e+03
5.761000000000000000e+03
5.757000000000000000e+03
5.636000000000000000e+03
5.511000000000000000e+03
5.439000000000000000e+03
