5.736000000000000000e+03
5.684000000000000000e+03
5.699000000000000000e+03
5.638000000000000000e+03
5.597000000000000000e+03
5.527000000000000000e+03
5.430000000000000000e+03
5.275000000000000000e+03
5.254000000000000000e+03
5.156000000000000000e+03
5.078000000000000000e+03
5.020000000000000000e+03
4.981000000000000000e+03
4.896000000000000000e+03
4.847000000000000000e+03
4.781000000000000000e+03
4.772000000000000000e+03
4.802000000000000000e+03
4.737000000000000000e+03
4.680000000000000000e+03
4.629000000000000000e+03
4.460000000000000000e+03
4.421000000000000000e+03
4.318000000000000000e+03
4.239000000000000000e+03
4.169000000000000000e+03
4.081000000000000000e+03
4.021000000000000000e+03
4.006000000000000000e+03
3.994000000000000000e+03
3.964000000000000000e+03
3.977000000000000000e+03
