1.345400000000000000e+04
1.318000000000000000e+04
1.299800000000000000e+04
1.293900000000000000e+04
1.266500000000000000e+04
1.258200000000000000e+04
1.246900000000000000e+04
1.239900000000000000e+04
1.226000000000000000e+04
1.214600000000000000e+04
1.206900000000000000e+04
1.192900000000000000e+04
1.176000000000000000e+04
1.175200000000000000e+04
1.166400000000000000e+04
1.163800000000000000e+04
1.156200000000000000e+04
1.153200000000000000e+04
1.157100000000000000e+04
1.160600000000000000e+04
1.167200000000000000e+04
1.177200000000000000e+04
1.187500000000000000e+04
1.202300000000000000e+04
1.215100000000000000e+04
1.233900000000000000e+04
1.247400000000000000e+04
1.254000000000000000e+04
1.265300000000000000e+04
1.271500000000000000e+04
1.283900000000000000e+04
1.293100000000000000e+04
