2.449000000000000000e+03
2.527000000000000000e+03
2.551000000000000000e+03
2.625000000000000000e+03
2.659000000000000000e+03
2.742000000000000000e+03
2.864000000000000000e+03
2.969000000000000000e+03
3.020000000000000000e+03
3.038000000000000000e+03
3.082000000000000000e+03
3.078000000000000000e+03
3.123000000000000000e+03
3.160000000000000000e+03
3.176000000000000000e+03
3.174000000000000000e+03
3.190000000000000000e+03
3.202000000000000000e+03
3.244000000000000000e+03
3.283000000000000000e+03
3.300000000000000000e+03
3.344000000000000000e+03
3.352000000000000000e+03
3.350000000000000000e+03
3.423000000000000000e+03
3.448000000000000000e+03
3.433000000000000000e+03
3.443000000000000000e+03
3.423000000000000000e+03
3.459000000000000000e+03
3.477000000000000000e+03
3.474000000000000000e+03
