5.679000000000000000e+03
5.674000000000000000e+03
5.639000000000000000e+03
5.739000000000000000e+03
5.803000000000000000e+03
5.806000000000000000e+03
5.798000000000000000e+03
5.833000000000000000e+03
5.846000000000000000e+03
5.817000000000000000e+03
5.853000000000000000e+03
5.906000000000000000e+03
5.884000000000000000e+03
5.925000000000000000e+03
5.885000000000000000e+03
5.841000000000000000e+03
5.843000000000000000e+03
5.823000000000000000e+03
5.846000000000000000e+03
5.867000000000000000e+03
5.904000000000000000e+03
5.906000000000000000e+03
5.942000000000000000e+03
6.029000000000000000e+03
6.011000000000000000e+03
6.041000000000000000e+03
6.080000000000000000e+03
6.198000000000000000e+03
6.256000000000000000e+03
6.283000000000000000e+03
6.258000000000000000e+03
6.286000000000000000e+03
