5.911000000000000000e+03
5.943000000000000000e+03
5.787000000000000000e+03
5.901000000000000000e+03
5.909000000000000000e+03
5.857000000000000000e+03
5.795000000000000000e+03
5.743000000000000000e+03
5.755000000000000000e+03
5.760000000000000000e+03
5.726000000000000000e+03
5.721000000000000000e+03
5.689000000000000000e+03
5.713000000000000000e+03
5.690000000000000000e+03
5.687000000000000000e+03
5.787000000000000000e+03
5.885000000000000000e+03
5.887000000000000000e+03
5.965000000000000000e+03
6.058000000000000000e+03
6.134000000000000000e+03
6.174000000000000000e+03
6.288000000000000000e+03
6.362000000000000000e+03
6.333000000000000000e+03
6.399000000000000000e+03
6.366000000000000000e+03
6.322000000000000000e+03
6.316000000000000000e+03
6.328000000000000000e+03
6.216000000000000000e+03
