6.600000000000000000e+02
7.110000000000000000e+02
7.480000000000000000e+02
7.920000000000000000e+02
8.200000000000000000e+02
8.450000000000000000e+02
8.750000000000000000e+02
8.800000000000000000e+02
8.850000000000000000e+02
9.030000000000000000e+02
8.920000000000000000e+02
8.860000000000000000e+02
8.910000000000000000e+02
8.820000000000000000e+02
8.920000000000000000e+02
8.990000000000000000e+02
9.250000000000000000e+02
9.390000000000000000e+02
9.620000000000000000e+02
9.760000000000000000e+02
9.920000000000000000e+02
1.008000000000000000e+03
1.008000000000000000e+03
1.016000000000000000e+03
1.008000000000000000e+03
1.040000000000000000e+03
1.012000000000000000e+03
1.011000000000000000e+03
1.026000000000000000e+03
1.024000000000000000e+03
1.025000000000000000e+03
1.022000000000000000e+03
