1.410000000000000000e+03
1.371000000000000000e+03
1.314000000000000000e+03
1.303000000000000000e+03
1.318000000000000000e+03
1.308000000000000000e+03
1.288000000000000000e+03
1.296000000000000000e+03
1.298000000000000000e+03
1.294000000000000000e+03
1.289000000000000000e+03
1.307000000000000000e+03
1.304000000000000000e+03
1.291000000000000000e+03
1.287000000000000000e+03
1.290000000000000000e+03
1.288000000000000000e+03
1.282000000000000000e+03
1.303000000000000000e+03
1.303000000000000000e+03
1.315000000000000000e+03
1.323000000000000000e+03
1.374000000000000000e+03
1.405000000000000000e+03
1.438000000000000000e+03
1.448000000000000000e+03
1.521000000000000000e+03
1.512000000000000000e+03
1.555000000000000000e+03
1.596000000000000000e+03
1.613000000000000000e+03
1.604000000000000000e+03
