2.039000000000000000e+03
2.066000000000000000e+03
2.002000000000000000e+03
2.081000000000000000e+03
2.100000000000000000e+03
2.114000000000000000e+03
2.115000000000000000e+03
2.130000000000000000e+03
2.147000000000000000e+03
2.207000000000000000e+03
2.135000000000000000e+03
2.197000000000000000e+03
2.155000000000000000e+03
2.153000000000000000e+03
2.085000000000000000e+03
2.090000000000000000e+03
2.035000000000000000e+03
2.071000000000000000e+03
2.021000000000000000e+03
2.026000000000000000e+03
2.049000000000000000e+03
1.819000000000000000e+03
1.804000000000000000e+03
1.803000000000000000e+03
1.801000000000000000e+03
1.767000000000000000e+03
1.744000000000000000e+03
1.675000000000000000e+03
1.633000000000000000e+03
1.592000000000000000e+03
1.529000000000000000e+03
1.479000000000000000e+03
