1.905500000000000000e+04
1.916800000000000000e+04
1.899000000000000000e+04
1.918500000000000000e+04
1.907900000000000000e+04
1.917300000000000000e+04
1.908100000000000000e+04
1.923600000000000000e+04
1.919700000000000000e+04
1.941900000000000000e+04
1.932600000000000000e+04
1.953500000000000000e+04
1.938800000000000000e+04
1.950900000000000000e+04
1.949800000000000000e+04
1.956900000000000000e+04
1.958000000000000000e+04
1.967100000000000000e+04
1.966100000000000000e+04
1.974800000000000000e+04
1.981800000000000000e+04
1.944900000000000000e+04
1.947300000000000000e+04
1.951400000000000000e+04
1.957000000000000000e+04
1.962700000000000000e+04
1.961900000000000000e+04
1.951400000000000000e+04
1.949600000000000000e+04
1.951900000000000000e+04
1.952900000000000000e+04
1.948600000000000000e+04
