2.430000000000000000e+02
2.370000000000000000e+02
2.370000000000000000e+02
2.370000000000000000e+02
2.470000000000000000e+02
2.420000000000000000e+02
2.390000000000000000e+02
2.220000000000000000e+02
2.240000000000000000e+02
2.150000000000000000e+02
1.990000000000000000e+02
1.920000000000000000e+02
1.910000000000000000e+02
1.870000000000000000e+02
1.910000000000000000e+02
2.000000000000000000e+02
2.130000000000000000e+02
2.290000000000000000e+02
2.380000000000000000e+02
2.510000000000000000e+02
2.720000000000000000e+02
2.980000000000000000e+02
3.330000000000000000e+02
3.620000000000000000e+02
3.660000000000000000e+02
3.760000000000000000e+02
3.840000000000000000e+02
3.810000000000000000e+02
3.940000000000000000e+02
3.920000000000000000e+02
3.920000000000000000e+02
3.770000000000000000e+02
