1.387000000000000000e+03
1.407000000000000000e+03
1.419000000000000000e+03
1.430000000000000000e+03
1.411000000000000000e+03
1.442000000000000000e+03
1.400000000000000000e+03
1.369000000000000000e+03
1.387000000000000000e+03
1.373000000000000000e+03
1.363000000000000000e+03
1.322000000000000000e+03
1.324000000000000000e+03
1.293000000000000000e+03
1.307000000000000000e+03
1.280000000000000000e+03
1.261000000000000000e+03
1.279000000000000000e+03
1.239000000000000000e+03
1.254000000000000000e+03
1.273000000000000000e+03
1.263000000000000000e+03
1.258000000000000000e+03
1.280000000000000000e+03
1.239000000000000000e+03
1.205000000000000000e+03
1.184000000000000000e+03
1.181000000000000000e+03
1.230000000000000000e+03
1.262000000000000000e+03
1.263000000000000000e+03
1.300000000000000000e+03
