2.797300000000000000e+04
2.802800000000000000e+04
2.780200000000000000e+04
2.794000000000000000e+04
2.780500000000000000e+04
2.788400000000000000e+04
2.777200000000000000e+04
2.791100000000000000e+04
2.790000000000000000e+04
2.808100000000000000e+04
2.797400000000000000e+04
2.812600000000000000e+04
2.795000000000000000e+04
2.801300000000000000e+04
2.799200000000000000e+04
2.809100000000000000e+04
2.805700000000000000e+04
2.814600000000000000e+04
2.816400000000000000e+04
2.827300000000000000e+04
2.840000000000000000e+04
2.797500000000000000e+04
2.801300000000000000e+04
2.811800000000000000e+04
2.821600000000000000e+04
2.825900000000000000e+04
2.827100000000000000e+04
2.817200000000000000e+04
2.829900000000000000e+04
2.840200000000000000e+04
2.846600000000000000e+04
2.846300000000000000e+04
