1.431000000000000000e+03
1.481000000000000000e+03
1.484000000000000000e+03
1.485000000000000000e+03
1.547000000000000000e+03
1.644000000000000000e+03
1.729000000000000000e+03
1.780000000000000000e+03
1.803000000000000000e+03
1.846000000000000000e+03
1.904000000000000000e+03
1.960000000000000000e+03
1.993000000000000000e+03
2.052000000000000000e+03
2.061000000000000000e+03
2.111000000000000000e+03
2.115000000000000000e+03
2.142000000000000000e+03
2.182000000000000000e+03
2.213000000000000000e+03
2.218000000000000000e+03
2.209000000000000000e+03
2.219000000000000000e+03
2.260000000000000000e+03
2.277000000000000000e+03
2.288000000000000000e+03
2.281000000000000000e+03
2.273000000000000000e+03
2.252000000000000000e+03
2.238000000000000000e+03
2.244000000000000000e+03
2.277000000000000000e+03
