2.320000000000000000e+02
2.200000000000000000e+02
1.980000000000000000e+02
1.930000000000000000e+02
2.130000000000000000e+02
2.140000000000000000e+02
2.480000000000000000e+02
2.570000000000000000e+02
2.870000000000000000e+02
2.930000000000000000e+02
3.100000000000000000e+02
3.350000000000000000e+02
3.670000000000000000e+02
3.820000000000000000e+02
3.830000000000000000e+02
4.000000000000000000e+02
4.130000000000000000e+02
4.350000000000000000e+02
4.390000000000000000e+02
4.410000000000000000e+02
4.440000000000000000e+02
4.450000000000000000e+02
4.310000000000000000e+02
4.440000000000000000e+02
4.470000000000000000e+02
4.470000000000000000e+02
4.610000000000000000e+02
4.750000000000000000e+02
4.850000000000000000e+02
4.830000000000000000e+02
5.020000000000000000e+02
5.110000000000000000e+02
