1.083000000000000000e+03
1.081000000000000000e+03
1.080000000000000000e+03
1.085000000000000000e+03
1.057000000000000000e+03
1.028000000000000000e+03
9.970000000000000000e+02
9.780000000000000000e+02
9.700000000000000000e+02
9.520000000000000000e+02
9.270000000000000000e+02
8.770000000000000000e+02
8.590000000000000000e+02
8.240000000000000000e+02
8.210000000000000000e+02
8.390000000000000000e+02
8.440000000000000000e+02
8.520000000000000000e+02
8.500000000000000000e+02
8.380000000000000000e+02
8.410000000000000000e+02
8.570000000000000000e+02
8.520000000000000000e+02
8.360000000000000000e+02
8.070000000000000000e+02
7.880000000000000000e+02
7.750000000000000000e+02
7.570000000000000000e+02
7.520000000000000000e+02
7.590000000000000000e+02
7.610000000000000000e+02
7.660000000000000000e+02
