1.523000000000000000e+03
1.495000000000000000e+03
1.495000000000000000e+03
1.473000000000000000e+03
1.444000000000000000e+03
1.429000000000000000e+03
1.405000000000000000e+03
1.376000000000000000e+03
1.376000000000000000e+03
1.339000000000000000e+03
1.334000000000000000e+03
1.327000000000000000e+03
1.316000000000000000e+03
1.302000000000000000e+03
1.291000000000000000e+03
1.307000000000000000e+03
1.308000000000000000e+03
1.291000000000000000e+03
1.260000000000000000e+03
1.276000000000000000e+03
1.280000000000000000e+03
1.278000000000000000e+03
1.259000000000000000e+03
1.257000000000000000e+03
1.262000000000000000e+03
1.252000000000000000e+03
1.268000000000000000e+03
1.280000000000000000e+03
1.268000000000000000e+03
1.243000000000000000e+03
1.233000000000000000e+03
1.183000000000000000e+03
