1.276700000000000000e+04
1.272700000000000000e+04
1.272800000000000000e+04
1.273900000000000000e+04
1.275300000000000000e+04
1.278800000000000000e+04
1.279700000000000000e+04
1.276400000000000000e+04
1.280500000000000000e+04
1.280600000000000000e+04
1.282600000000000000e+04
1.279200000000000000e+04
1.279100000000000000e+04
1.278300000000000000e+04
1.278200000000000000e+04
1.280800000000000000e+04
1.284100000000000000e+04
1.282200000000000000e+04
1.281100000000000000e+04
1.279800000000000000e+04
1.283300000000000000e+04
1.262200000000000000e+04
1.256200000000000000e+04
1.256800000000000000e+04
1.252800000000000000e+04
1.242800000000000000e+04
1.235800000000000000e+04
1.232900000000000000e+04
1.222900000000000000e+04
1.217600000000000000e+04
1.208300000000000000e+04
1.202300000000000000e+04
