1.874400000000000000e+04
1.867300000000000000e+04
1.865500000000000000e+04
1.866100000000000000e+04
1.864000000000000000e+04
1.864100000000000000e+04
1.861900000000000000e+04
1.859800000000000000e+04
1.861700000000000000e+04
1.856500000000000000e+04
1.858700000000000000e+04
1.854100000000000000e+04
1.851100000000000000e+04
1.847400000000000000e+04
1.844300000000000000e+04
1.843500000000000000e+04
1.843100000000000000e+04
1.838700000000000000e+04
1.839700000000000000e+04
1.838800000000000000e+04
1.844400000000000000e+04
1.825900000000000000e+04
1.822300000000000000e+04
1.822200000000000000e+04
1.815100000000000000e+04
1.806900000000000000e+04
1.799500000000000000e+04
1.799700000000000000e+04
1.795600000000000000e+04
1.790700000000000000e+04
1.780500000000000000e+04
1.777200000000000000e+04
