1.423000000000000000e+03
1.451000000000000000e+03
1.422000000000000000e+03
1.449000000000000000e+03
1.452000000000000000e+03
1.443000000000000000e+03
1.455000000000000000e+03
1.467000000000000000e+03
1.486000000000000000e+03
1.485000000000000000e+03
1.507000000000000000e+03
1.484000000000000000e+03
1.483000000000000000e+03
1.459000000000000000e+03
1.430000000000000000e+03
1.413000000000000000e+03
1.385000000000000000e+03
1.349000000000000000e+03
1.356000000000000000e+03
1.325000000000000000e+03
1.320000000000000000e+03
1.299000000000000000e+03
1.299000000000000000e+03
1.295000000000000000e+03
1.282000000000000000e+03
1.283000000000000000e+03
1.249000000000000000e+03
1.242000000000000000e+03
1.205000000000000000e+03
1.201000000000000000e+03
1.201000000000000000e+03
1.201000000000000000e+03
