7.960000000000000000e+02
7.960000000000000000e+02
7.650000000000000000e+02
7.680000000000000000e+02
7.780000000000000000e+02
7.830000000000000000e+02
7.740000000000000000e+02
8.030000000000000000e+02
8.140000000000000000e+02
8.200000000000000000e+02
8.450000000000000000e+02
8.750000000000000000e+02
8.680000000000000000e+02
8.830000000000000000e+02
8.840000000000000000e+02
8.600000000000000000e+02
8.420000000000000000e+02
8.250000000000000000e+02
8.250000000000000000e+02
8.200000000000000000e+02
7.920000000000000000e+02
7.960000000000000000e+02
7.990000000000000000e+02
7.890000000000000000e+02
7.980000000000000000e+02
8.120000000000000000e+02
8.010000000000000000e+02
7.920000000000000000e+02
7.890000000000000000e+02
7.990000000000000000e+02
8.340000000000000000e+02
8.310000000000000000e+02
