9.380000000000000000e+02
8.830000000000000000e+02
8.740000000000000000e+02
8.400000000000000000e+02
8.320000000000000000e+02
8.450000000000000000e+02
8.490000000000000000e+02
8.560000000000000000e+02
8.580000000000000000e+02
8.350000000000000000e+02
8.530000000000000000e+02
8.590000000000000000e+02
8.450000000000000000e+02
8.340000000000000000e+02
8.150000000000000000e+02
8.050000000000000000e+02
7.930000000000000000e+02
7.690000000000000000e+02
7.660000000000000000e+02
7.720000000000000000e+02
7.750000000000000000e+02
7.780000000000000000e+02
7.990000000000000000e+02
7.910000000000000000e+02
8.080000000000000000e+02
8.150000000000000000e+02
8.270000000000000000e+02
8.530000000000000000e+02
8.790000000000000000e+02
8.730000000000000000e+02
8.720000000000000000e+02
8.690000000000000000e+02
