6.610000000000000000e+02
6.520000000000000000e+02
6.520000000000000000e+02
6.480000000000000000e+02
6.470000000000000000e+02
6.650000000000000000e+02
6.610000000000000000e+02
6.700000000000000000e+02
6.620000000000000000e+02
6.740000000000000000e+02
6.640000000000000000e+02
6.700000000000000000e+02
6.630000000000000000e+02
6.700000000000000000e+02
6.780000000000000000e+02
6.840000000000000000e+02
6.960000000000000000e+02
6.970000000000000000e+02
6.980000000000000000e+02
6.890000000000000000e+02
7.010000000000000000e+02
7.230000000000000000e+02
7.320000000000000000e+02
7.300000000000000000e+02
7.330000000000000000e+02
7.390000000000000000e+02
7.430000000000000000e+02
7.500000000000000000e+02
7.430000000000000000e+02
7.630000000000000000e+02
7.640000000000000000e+02
7.880000000000000000e+02
