1.305000000000000000e+03
1.295000000000000000e+03
1.297000000000000000e+03
1.301000000000000000e+03
1.339000000000000000e+03
1.369000000000000000e+03
1.372000000000000000e+03
1.356000000000000000e+03
1.371000000000000000e+03
1.362000000000000000e+03
1.385000000000000000e+03
1.379000000000000000e+03
1.376000000000000000e+03
1.396000000000000000e+03
1.379000000000000000e+03
1.347000000000000000e+03
1.365000000000000000e+03
1.399000000000000000e+03
1.427000000000000000e+03
1.458000000000000000e+03
1.473000000000000000e+03
1.568000000000000000e+03
1.567000000000000000e+03
1.570000000000000000e+03
1.592000000000000000e+03
1.578000000000000000e+03
1.548000000000000000e+03
1.523000000000000000e+03
1.505000000000000000e+03
1.493000000000000000e+03
1.493000000000000000e+03
1.486000000000000000e+03
