1.195000000000000000e+03
1.215000000000000000e+03
1.213000000000000000e+03
1.227000000000000000e+03
1.232000000000000000e+03
1.207000000000000000e+03
1.220000000000000000e+03
1.228000000000000000e+03
1.203000000000000000e+03
1.195000000000000000e+03
1.191000000000000000e+03
1.129000000000000000e+03
1.129000000000000000e+03
1.102000000000000000e+03
1.088000000000000000e+03
1.099000000000000000e+03
1.075000000000000000e+03
1.054000000000000000e+03
1.069000000000000000e+03
1.055000000000000000e+03
1.020000000000000000e+03
1.017000000000000000e+03
1.006000000000000000e+03
9.900000000000000000e+02
9.910000000000000000e+02
9.690000000000000000e+02
9.550000000000000000e+02
9.550000000000000000e+02
9.390000000000000000e+02
9.240000000000000000e+02
9.570000000000000000e+02
9.530000000000000000e+02
