8.860000000000000000e+02
8.760000000000000000e+02
8.690000000000000000e+02
8.640000000000000000e+02
8.580000000000000000e+02
8.510000000000000000e+02
8.460000000000000000e+02
8.590000000000000000e+02
8.470000000000000000e+02
8.620000000000000000e+02
8.610000000000000000e+02
8.930000000000000000e+02
9.170000000000000000e+02
9.200000000000000000e+02
9.210000000000000000e+02
9.140000000000000000e+02
8.940000000000000000e+02
8.690000000000000000e+02
8.760000000000000000e+02
8.860000000000000000e+02
9.100000000000000000e+02
9.410000000000000000e+02
9.570000000000000000e+02
9.640000000000000000e+02
9.940000000000000000e+02
1.038000000000000000e+03
1.096000000000000000e+03
1.148000000000000000e+03
1.169000000000000000e+03
1.195000000000000000e+03
1.211000000000000000e+03
1.237000000000000000e+03
