1.353000000000000000e+03
1.350000000000000000e+03
1.352000000000000000e+03
1.377000000000000000e+03
1.365000000000000000e+03
1.329000000000000000e+03
1.358000000000000000e+03
1.406000000000000000e+03
1.420000000000000000e+03
1.438000000000000000e+03
1.435000000000000000e+03
1.481000000000000000e+03
1.486000000000000000e+03
1.487000000000000000e+03
1.530000000000000000e+03
1.520000000000000000e+03
1.526000000000000000e+03
1.497000000000000000e+03
1.488000000000000000e+03
1.489000000000000000e+03
1.492000000000000000e+03
1.503000000000000000e+03
1.530000000000000000e+03
1.523000000000000000e+03
1.512000000000000000e+03
1.514000000000000000e+03
1.510000000000000000e+03
1.528000000000000000e+03
1.509000000000000000e+03
1.473000000000000000e+03
1.466000000000000000e+03
1.443000000000000000e+03
