1.211000000000000000e+03
1.240000000000000000e+03
1.232000000000000000e+03
1.251000000000000000e+03
1.244000000000000000e+03
1.284000000000000000e+03
1.279000000000000000e+03
1.306000000000000000e+03
1.308000000000000000e+03
1.315000000000000000e+03
1.317000000000000000e+03
1.305000000000000000e+03
1.298000000000000000e+03
1.299000000000000000e+03
1.339000000000000000e+03
1.369000000000000000e+03
1.380000000000000000e+03
1.373000000000000000e+03
1.386000000000000000e+03
1.382000000000000000e+03
1.393000000000000000e+03
1.452000000000000000e+03
1.454000000000000000e+03
1.462000000000000000e+03
1.445000000000000000e+03
1.427000000000000000e+03
1.456000000000000000e+03
1.480000000000000000e+03
1.477000000000000000e+03
1.494000000000000000e+03
1.496000000000000000e+03
1.544000000000000000e+03
