1.411000000000000000e+03
1.370000000000000000e+03
1.365000000000000000e+03
1.342000000000000000e+03
1.358000000000000000e+03
1.367000000000000000e+03
1.359000000000000000e+03
1.355000000000000000e+03
1.355000000000000000e+03
1.375000000000000000e+03
1.383000000000000000e+03
1.387000000000000000e+03
1.363000000000000000e+03
1.338000000000000000e+03
1.310000000000000000e+03
1.311000000000000000e+03
1.291000000000000000e+03
1.263000000000000000e+03
1.271000000000000000e+03
1.300000000000000000e+03
1.279000000000000000e+03
1.270000000000000000e+03
1.247000000000000000e+03
1.268000000000000000e+03
1.253000000000000000e+03
1.226000000000000000e+03
1.222000000000000000e+03
1.223000000000000000e+03
1.223000000000000000e+03
1.196000000000000000e+03
1.162000000000000000e+03
1.096000000000000000e+03
