1.768300000000000000e+04
1.771300000000000000e+04
1.776400000000000000e+04
1.777600000000000000e+04
1.787100000000000000e+04
1.791400000000000000e+04
1.795200000000000000e+04
1.798400000000000000e+04
1.805300000000000000e+04
1.813400000000000000e+04
1.821400000000000000e+04
1.823000000000000000e+04
1.820900000000000000e+04
1.817400000000000000e+04
1.826400000000000000e+04
1.826100000000000000e+04
1.829100000000000000e+04
1.830400000000000000e+04
1.841400000000000000e+04
1.851500000000000000e+04
1.854500000000000000e+04
1.891700000000000000e+04
1.894400000000000000e+04
1.900700000000000000e+04
1.905900000000000000e+04
1.910900000000000000e+04
1.910400000000000000e+04
1.916100000000000000e+04
1.918900000000000000e+04
1.917100000000000000e+04
1.915900000000000000e+04
1.909900000000000000e+04
