9.850000000000000000e+02
9.740000000000000000e+02
9.420000000000000000e+02
9.330000000000000000e+02
9.300000000000000000e+02
9.070000000000000000e+02
9.030000000000000000e+02
9.070000000000000000e+02
9.080000000000000000e+02
9.000000000000000000e+02
9.240000000000000000e+02
9.310000000000000000e+02
9.150000000000000000e+02
9.070000000000000000e+02
9.100000000000000000e+02
8.980000000000000000e+02
8.900000000000000000e+02
8.780000000000000000e+02
8.850000000000000000e+02
8.820000000000000000e+02
8.620000000000000000e+02
8.750000000000000000e+02
9.040000000000000000e+02
9.180000000000000000e+02
9.150000000000000000e+02
9.110000000000000000e+02
8.960000000000000000e+02
9.220000000000000000e+02
9.350000000000000000e+02
9.390000000000000000e+02
9.660000000000000000e+02
9.670000000000000000e+02
