1.349000000000000000e+03
1.329000000000000000e+03
1.326000000000000000e+03
1.291000000000000000e+03
1.249000000000000000e+03
1.223000000000000000e+03
1.215000000000000000e+03
1.194000000000000000e+03
1.205000000000000000e+03
1.169000000000000000e+03
1.164000000000000000e+03
1.134000000000000000e+03
1.101000000000000000e+03
1.080000000000000000e+03
1.083000000000000000e+03
1.062000000000000000e+03
1.048000000000000000e+03
1.034000000000000000e+03
9.960000000000000000e+02
9.970000000000000000e+02
9.750000000000000000e+02
9.840000000000000000e+02
1.006000000000000000e+03
1.016000000000000000e+03
9.940000000000000000e+02
1.007000000000000000e+03
9.700000000000000000e+02
9.650000000000000000e+02
9.650000000000000000e+02
9.460000000000000000e+02
9.710000000000000000e+02
9.540000000000000000e+02
