6.100000000000000000e+01
5.700000000000000000e+01
5.900000000000000000e+01
4.700000000000000000e+01
5.300000000000000000e+01
5.200000000000000000e+01
4.700000000000000000e+01
5.100000000000000000e+01
5.900000000000000000e+01
6.300000000000000000e+01
6.400000000000000000e+01
6.400000000000000000e+01
6.500000000000000000e+01
7.000000000000000000e+01
6.900000000000000000e+01
7.800000000000000000e+01
8.500000000000000000e+01
8.100000000000000000e+01
7.700000000000000000e+01
6.300000000000000000e+01
5.500000000000000000e+01
5.900000000000000000e+01
5.200000000000000000e+01
4.200000000000000000e+01
5.500000000000000000e+01
6.400000000000000000e+01
7.900000000000000000e+01
8.900000000000000000e+01
9.700000000000000000e+01
1.120000000000000000e+02
1.160000000000000000e+02
1.280000000000000000e+02
