1.184000000000000000e+03
1.117000000000000000e+03
1.100000000000000000e+03
1.091000000000000000e+03
1.101000000000000000e+03
1.089000000000000000e+03
1.117000000000000000e+03
1.124000000000000000e+03
1.125000000000000000e+03
1.130000000000000000e+03
1.159000000000000000e+03
1.242000000000000000e+03
1.280000000000000000e+03
1.313000000000000000e+03
1.324000000000000000e+03
1.342000000000000000e+03
1.294000000000000000e+03
1.309000000000000000e+03
1.304000000000000000e+03
1.336000000000000000e+03
1.354000000000000000e+03
1.348000000000000000e+03
1.354000000000000000e+03
1.360000000000000000e+03
1.389000000000000000e+03
1.492000000000000000e+03
1.543000000000000000e+03
1.626000000000000000e+03
1.703000000000000000e+03
1.731000000000000000e+03
1.758000000000000000e+03
1.811000000000000000e+03
