1.982000000000000000e+03
2.041000000000000000e+03
2.071000000000000000e+03
2.102000000000000000e+03
2.142000000000000000e+03
2.131000000000000000e+03
2.137000000000000000e+03
2.128000000000000000e+03
2.136000000000000000e+03
2.117000000000000000e+03
2.118000000000000000e+03
2.077000000000000000e+03
2.054000000000000000e+03
2.011000000000000000e+03
1.983000000000000000e+03
1.955000000000000000e+03
1.946000000000000000e+03
1.924000000000000000e+03
1.878000000000000000e+03
1.863000000000000000e+03
1.852000000000000000e+03
1.860000000000000000e+03
1.850000000000000000e+03
1.843000000000000000e+03
1.795000000000000000e+03
1.780000000000000000e+03
1.765000000000000000e+03
1.737000000000000000e+03
1.736000000000000000e+03
1.721000000000000000e+03
1.683000000000000000e+03
1.661000000000000000e+03
