7.920000000000000000e+02
8.390000000000000000e+02
8.930000000000000000e+02
9.410000000000000000e+02
9.350000000000000000e+02
9.190000000000000000e+02
9.010000000000000000e+02
8.820000000000000000e+02
8.700000000000000000e+02
8.770000000000000000e+02
9.060000000000000000e+02
9.090000000000000000e+02
8.860000000000000000e+02
8.750000000000000000e+02
8.840000000000000000e+02
8.870000000000000000e+02
8.820000000000000000e+02
8.790000000000000000e+02
8.820000000000000000e+02
8.550000000000000000e+02
8.540000000000000000e+02
8.500000000000000000e+02
8.440000000000000000e+02
8.500000000000000000e+02
8.180000000000000000e+02
8.190000000000000000e+02
8.310000000000000000e+02
8.130000000000000000e+02
8.180000000000000000e+02
8.110000000000000000e+02
7.860000000000000000e+02
7.380000000000000000e+02
