2.018000000000000000e+03
1.979000000000000000e+03
1.969000000000000000e+03
1.940000000000000000e+03
1.900000000000000000e+03
1.889000000000000000e+03
1.828000000000000000e+03
1.764000000000000000e+03
1.726000000000000000e+03
1.674000000000000000e+03
1.640000000000000000e+03
1.616000000000000000e+03
1.553000000000000000e+03
1.522000000000000000e+03
1.508000000000000000e+03
1.483000000000000000e+03
1.458000000000000000e+03
1.448000000000000000e+03
1.420000000000000000e+03
1.387000000000000000e+03
1.350000000000000000e+03
1.298000000000000000e+03
1.208000000000000000e+03
1.237000000000000000e+03
1.171000000000000000e+03
1.171000000000000000e+03
1.141000000000000000e+03
1.156000000000000000e+03
1.118000000000000000e+03
1.109000000000000000e+03
1.051000000000000000e+03
1.060000000000000000e+03
