4.154000000000000000e+03
4.070000000000000000e+03
3.973000000000000000e+03
3.888000000000000000e+03
3.833000000000000000e+03
3.775000000000000000e+03
3.730000000000000000e+03
3.678000000000000000e+03
3.600000000000000000e+03
3.543000000000000000e+03
3.490000000000000000e+03
3.448000000000000000e+03
3.416000000000000000e+03
3.377000000000000000e+03
3.331000000000000000e+03
3.277000000000000000e+03
3.229000000000000000e+03
3.192000000000000000e+03
3.164000000000000000e+03
3.128000000000000000e+03
3.109000000000000000e+03
3.081000000000000000e+03
3.094000000000000000e+03
3.088000000000000000e+03
3.082000000000000000e+03
3.066000000000000000e+03
3.037000000000000000e+03
3.017000000000000000e+03
2.973000000000000000e+03
2.975000000000000000e+03
2.943000000000000000e+03
2.915000000000000000e+03
