2.080000000000000000e+02
2.150000000000000000e+02
2.230000000000000000e+02
2.310000000000000000e+02
2.360000000000000000e+02
2.420000000000000000e+02
2.330000000000000000e+02
2.110000000000000000e+02
1.950000000000000000e+02
1.730000000000000000e+02
1.600000000000000000e+02
1.470000000000000000e+02
1.450000000000000000e+02
1.380000000000000000e+02
1.600000000000000000e+02
1.710000000000000000e+02
2.010000000000000000e+02
2.290000000000000000e+02
2.550000000000000000e+02
2.850000000000000000e+02
3.040000000000000000e+02
3.130000000000000000e+02
3.350000000000000000e+02
3.540000000000000000e+02
3.570000000000000000e+02
3.500000000000000000e+02
3.450000000000000000e+02
3.370000000000000000e+02
3.360000000000000000e+02
3.540000000000000000e+02
3.700000000000000000e+02
3.730000000000000000e+02
