1.162000000000000000e+03
1.127000000000000000e+03
1.097000000000000000e+03
1.073000000000000000e+03
1.073000000000000000e+03
1.071000000000000000e+03
1.055000000000000000e+03
1.035000000000000000e+03
9.860000000000000000e+02
9.890000000000000000e+02
9.720000000000000000e+02
9.820000000000000000e+02
9.950000000000000000e+02
1.012000000000000000e+03
9.960000000000000000e+02
9.950000000000000000e+02
9.670000000000000000e+02
9.710000000000000000e+02
9.750000000000000000e+02
9.740000000000000000e+02
9.870000000000000000e+02
9.750000000000000000e+02
9.970000000000000000e+02
1.008000000000000000e+03
1.015000000000000000e+03
1.004000000000000000e+03
1.032000000000000000e+03
1.027000000000000000e+03
1.015000000000000000e+03
1.035000000000000000e+03
1.006000000000000000e+03
9.870000000000000000e+02
