2.540500000000000000e+04
2.532100000000000000e+04
2.525500000000000000e+04
2.519000000000000000e+04
2.515800000000000000e+04
2.512200000000000000e+04
2.509000000000000000e+04
2.501100000000000000e+04
2.493600000000000000e+04
2.488100000000000000e+04
2.485600000000000000e+04
2.481600000000000000e+04
2.474000000000000000e+04
2.469600000000000000e+04
2.464400000000000000e+04
2.457900000000000000e+04
2.453800000000000000e+04
2.449500000000000000e+04
2.452100000000000000e+04
2.450500000000000000e+04
2.450400000000000000e+04
2.404400000000000000e+04
2.382800000000000000e+04
2.380900000000000000e+04
2.373300000000000000e+04
2.374400000000000000e+04
2.368000000000000000e+04
2.366600000000000000e+04
2.363000000000000000e+04
2.339700000000000000e+04
2.312600000000000000e+04
2.300000000000000000e+04
