1.173000000000000000e+03
1.143000000000000000e+03
1.112000000000000000e+03
1.134000000000000000e+03
1.087000000000000000e+03
1.102000000000000000e+03
1.079000000000000000e+03
1.059000000000000000e+03
1.077000000000000000e+03
1.099000000000000000e+03
1.104000000000000000e+03
1.089000000000000000e+03
1.106000000000000000e+03
1.102000000000000000e+03
1.106000000000000000e+03
1.082000000000000000e+03
1.078000000000000000e+03
1.065000000000000000e+03
1.045000000000000000e+03
1.012000000000000000e+03
9.980000000000000000e+02
9.790000000000000000e+02
9.510000000000000000e+02
9.490000000000000000e+02
9.090000000000000000e+02
9.230000000000000000e+02
9.080000000000000000e+02
9.250000000000000000e+02
9.050000000000000000e+02
9.280000000000000000e+02
9.710000000000000000e+02
9.980000000000000000e+02
