1.546000000000000000e+03
1.559000000000000000e+03
1.550000000000000000e+03
1.536000000000000000e+03
1.540000000000000000e+03
1.566000000000000000e+03
1.556000000000000000e+03
1.576000000000000000e+03
1.577000000000000000e+03
1.576000000000000000e+03
1.592000000000000000e+03
1.596000000000000000e+03
1.600000000000000000e+03
1.603000000000000000e+03
1.628000000000000000e+03
1.645000000000000000e+03
1.642000000000000000e+03
1.634000000000000000e+03
1.658000000000000000e+03
1.639000000000000000e+03
1.645000000000000000e+03
1.642000000000000000e+03
1.645000000000000000e+03
1.656000000000000000e+03
1.639000000000000000e+03
1.571000000000000000e+03
1.551000000000000000e+03
1.524000000000000000e+03
1.453000000000000000e+03
1.465000000000000000e+03
1.451000000000000000e+03
1.410000000000000000e+03
