1.436000000000000000e+03
1.417000000000000000e+03
1.415000000000000000e+03
1.375000000000000000e+03
1.373000000000000000e+03
1.339000000000000000e+03
1.336000000000000000e+03
1.341000000000000000e+03
1.303000000000000000e+03
1.241000000000000000e+03
1.201000000000000000e+03
1.157000000000000000e+03
1.121000000000000000e+03
1.130000000000000000e+03
1.101000000000000000e+03
1.124000000000000000e+03
1.098000000000000000e+03
1.061000000000000000e+03
1.082000000000000000e+03
1.108000000000000000e+03
1.111000000000000000e+03
1.105000000000000000e+03
1.122000000000000000e+03
1.117000000000000000e+03
1.133000000000000000e+03
1.104000000000000000e+03
1.100000000000000000e+03
1.085000000000000000e+03
1.058000000000000000e+03
1.033000000000000000e+03
1.014000000000000000e+03
9.990000000000000000e+02
