1.055000000000000000e+03
1.048000000000000000e+03
1.075000000000000000e+03
1.076000000000000000e+03
1.078000000000000000e+03
1.058000000000000000e+03
1.065000000000000000e+03
1.052000000000000000e+03
1.028000000000000000e+03
1.004000000000000000e+03
1.007000000000000000e+03
9.830000000000000000e+02
9.560000000000000000e+02
9.490000000000000000e+02
9.150000000000000000e+02
9.170000000000000000e+02
8.970000000000000000e+02
9.110000000000000000e+02
9.150000000000000000e+02
9.260000000000000000e+02
9.430000000000000000e+02
9.740000000000000000e+02
1.031000000000000000e+03
1.055000000000000000e+03
1.130000000000000000e+03
1.152000000000000000e+03
1.176000000000000000e+03
1.207000000000000000e+03
1.238000000000000000e+03
1.246000000000000000e+03
1.263000000000000000e+03
1.267000000000000000e+03
