1.925100000000000000e+04
1.927100000000000000e+04
1.936000000000000000e+04
1.943000000000000000e+04
1.945900000000000000e+04
1.951100000000000000e+04
1.957000000000000000e+04
1.964200000000000000e+04
1.974100000000000000e+04
1.979600000000000000e+04
1.983800000000000000e+04
1.975300000000000000e+04
1.979500000000000000e+04
1.985700000000000000e+04
1.988900000000000000e+04
1.991500000000000000e+04
1.991300000000000000e+04
1.995400000000000000e+04
2.004300000000000000e+04
2.008900000000000000e+04
2.014900000000000000e+04
2.005200000000000000e+04
2.015200000000000000e+04
2.023700000000000000e+04
2.033200000000000000e+04
2.044100000000000000e+04
2.050400000000000000e+04
2.059500000000000000e+04
2.057500000000000000e+04
2.069000000000000000e+04
2.075200000000000000e+04
2.077200000000000000e+04
