1.520000000000000000e+03
1.550000000000000000e+03
1.557000000000000000e+03
1.561000000000000000e+03
1.519000000000000000e+03
1.500000000000000000e+03
1.476000000000000000e+03
1.451000000000000000e+03
1.459000000000000000e+03
1.461000000000000000e+03
1.450000000000000000e+03
1.432000000000000000e+03
1.420000000000000000e+03
1.378000000000000000e+03
1.380000000000000000e+03
1.339000000000000000e+03
1.348000000000000000e+03
1.357000000000000000e+03
1.318000000000000000e+03
1.258000000000000000e+03
1.226000000000000000e+03
1.181000000000000000e+03
1.140000000000000000e+03
1.143000000000000000e+03
1.106000000000000000e+03
1.129000000000000000e+03
1.099000000000000000e+03
1.067000000000000000e+03
1.084000000000000000e+03
1.108000000000000000e+03
1.099000000000000000e+03
1.104000000000000000e+03
