1.304000000000000000e+03
1.333000000000000000e+03
1.390000000000000000e+03
1.426000000000000000e+03
1.467000000000000000e+03
1.496000000000000000e+03
1.514000000000000000e+03
1.532000000000000000e+03
1.552000000000000000e+03
1.574000000000000000e+03
1.566000000000000000e+03
1.562000000000000000e+03
1.553000000000000000e+03
1.553000000000000000e+03
1.563000000000000000e+03
1.572000000000000000e+03
1.571000000000000000e+03
1.585000000000000000e+03
1.599000000000000000e+03
1.610000000000000000e+03
1.627000000000000000e+03
1.628000000000000000e+03
1.636000000000000000e+03
1.622000000000000000e+03
1.641000000000000000e+03
1.656000000000000000e+03
1.656000000000000000e+03
1.657000000000000000e+03
1.667000000000000000e+03
1.653000000000000000e+03
1.655000000000000000e+03
1.664000000000000000e+03
