3.680000000000000000e+02
4.040000000000000000e+02
4.340000000000000000e+02
4.470000000000000000e+02
4.580000000000000000e+02
4.740000000000000000e+02
4.970000000000000000e+02
5.040000000000000000e+02
5.190000000000000000e+02
5.540000000000000000e+02
5.600000000000000000e+02
5.760000000000000000e+02
5.850000000000000000e+02
5.900000000000000000e+02
5.940000000000000000e+02
6.010000000000000000e+02
5.980000000000000000e+02
6.060000000000000000e+02
6.020000000000000000e+02
6.000000000000000000e+02
6.170000000000000000e+02
6.350000000000000000e+02
6.500000000000000000e+02
6.410000000000000000e+02
6.630000000000000000e+02
6.570000000000000000e+02
6.350000000000000000e+02
6.410000000000000000e+02
6.230000000000000000e+02
6.320000000000000000e+02
6.290000000000000000e+02
6.170000000000000000e+02
