1.479500000000000000e+04
1.460800000000000000e+04
1.455500000000000000e+04
1.442900000000000000e+04
1.425100000000000000e+04
1.433800000000000000e+04
1.432800000000000000e+04
1.431100000000000000e+04
1.431000000000000000e+04
1.422100000000000000e+04
1.422400000000000000e+04
1.412500000000000000e+04
1.419400000000000000e+04
1.437400000000000000e+04
1.449100000000000000e+04
1.452700000000000000e+04
1.463500000000000000e+04
1.486500000000000000e+04
1.518100000000000000e+04
1.547800000000000000e+04
1.572600000000000000e+04
1.632300000000000000e+04
1.698400000000000000e+04
1.746900000000000000e+04
1.796600000000000000e+04
1.858000000000000000e+04
1.911900000000000000e+04
1.935400000000000000e+04
1.963400000000000000e+04
1.980100000000000000e+04
2.007400000000000000e+04
2.004200000000000000e+04
