9.150000000000000000e+02
9.300000000000000000e+02
9.450000000000000000e+02
1.005000000000000000e+03
1.036000000000000000e+03
1.088000000000000000e+03
1.093000000000000000e+03
1.170000000000000000e+03
1.196000000000000000e+03
1.271000000000000000e+03
1.311000000000000000e+03
1.319000000000000000e+03
1.372000000000000000e+03
1.397000000000000000e+03
1.439000000000000000e+03
1.379000000000000000e+03
1.333000000000000000e+03
1.276000000000000000e+03
1.267000000000000000e+03
1.214000000000000000e+03
1.150000000000000000e+03
1.049000000000000000e+03
1.015000000000000000e+03
1.019000000000000000e+03
1.097000000000000000e+03
1.197000000000000000e+03
1.298000000000000000e+03
1.381000000000000000e+03
1.526000000000000000e+03
1.615000000000000000e+03
1.723000000000000000e+03
1.824000000000000000e+03
