2.680200000000000000e+04
2.713400000000000000e+04
2.713400000000000000e+04
2.739400000000000000e+04
2.758900000000000000e+04
2.775700000000000000e+04
2.733200000000000000e+04
2.701100000000000000e+04
2.711300000000000000e+04
2.683300000000000000e+04
2.642400000000000000e+04
2.604500000000000000e+04
2.569700000000000000e+04
2.538100000000000000e+04
2.495500000000000000e+04
2.476000000000000000e+04
2.454200000000000000e+04
2.442600000000000000e+04
2.424600000000000000e+04
2.423400000000000000e+04
2.427100000000000000e+04
2.426000000000000000e+04
2.449700000000000000e+04
2.485000000000000000e+04
2.509700000000000000e+04
2.527800000000000000e+04
2.547500000000000000e+04
2.554900000000000000e+04
2.578600000000000000e+04
2.573400000000000000e+04
2.572800000000000000e+04
2.564700000000000000e+04
