4.406700000000000000e+04
4.464500000000000000e+04
4.516400000000000000e+04
4.586700000000000000e+04
4.642000000000000000e+04
4.713500000000000000e+04
4.756600000000000000e+04
4.833400000000000000e+04
4.904100000000000000e+04
4.977000000000000000e+04
5.035700000000000000e+04
5.092100000000000000e+04
5.155800000000000000e+04
5.209200000000000000e+04
5.281600000000000000e+04
5.356200000000000000e+04
5.418700000000000000e+04
5.488700000000000000e+04
5.546400000000000000e+04
5.613700000000000000e+04
5.671700000000000000e+04
5.645700000000000000e+04
5.671800000000000000e+04
5.717100000000000000e+04
5.735000000000000000e+04
5.761200000000000000e+04
5.745100000000000000e+04
5.799700000000000000e+04
5.867400000000000000e+04
5.927900000000000000e+04
5.993500000000000000e+04
6.065700000000000000e+04
