7.548000000000000000e+03
8.077000000000000000e+03
8.527000000000000000e+03
8.997000000000000000e+03
9.202000000000000000e+03
9.471000000000000000e+03
9.732000000000000000e+03
9.987000000000000000e+03
1.005100000000000000e+04
1.023100000000000000e+04
1.050400000000000000e+04
1.067500000000000000e+04
1.082700000000000000e+04
1.092800000000000000e+04
1.104700000000000000e+04
1.121800000000000000e+04
1.148700000000000000e+04
1.163500000000000000e+04
1.177600000000000000e+04
1.186200000000000000e+04
1.197700000000000000e+04
1.189100000000000000e+04
1.195500000000000000e+04
1.202800000000000000e+04
1.216400000000000000e+04
1.220200000000000000e+04
1.208000000000000000e+04
1.220300000000000000e+04
1.231800000000000000e+04
1.236800000000000000e+04
1.237600000000000000e+04
1.249800000000000000e+04
