2.359800000000000000e+04
2.365800000000000000e+04
2.373800000000000000e+04
2.393700000000000000e+04
2.423900000000000000e+04
2.440800000000000000e+04
2.448300000000000000e+04
2.433800000000000000e+04
2.417400000000000000e+04
2.396100000000000000e+04
2.373200000000000000e+04
2.334300000000000000e+04
2.297300000000000000e+04
2.251200000000000000e+04
2.205000000000000000e+04
2.178700000000000000e+04
2.128500000000000000e+04
2.106600000000000000e+04
2.076600000000000000e+04
2.067400000000000000e+04
2.052200000000000000e+04
2.528200000000000000e+04
2.644100000000000000e+04
2.697700000000000000e+04
2.683300000000000000e+04
2.648100000000000000e+04
2.620600000000000000e+04
2.593900000000000000e+04
2.518900000000000000e+04
2.455300000000000000e+04
2.490700000000000000e+04
2.449100000000000000e+04
