1.738800000000000000e+04
1.746000000000000000e+04
1.754800000000000000e+04
1.752000000000000000e+04
1.767000000000000000e+04
1.784100000000000000e+04
1.792600000000000000e+04
1.801100000000000000e+04
1.803800000000000000e+04
1.813200000000000000e+04
1.813300000000000000e+04
1.806500000000000000e+04
1.781900000000000000e+04
1.790100000000000000e+04
1.741100000000000000e+04
1.702700000000000000e+04
1.653800000000000000e+04
1.655900000000000000e+04
1.687200000000000000e+04
1.714800000000000000e+04
1.730000000000000000e+04
1.766200000000000000e+04
1.820800000000000000e+04
1.866000000000000000e+04
1.940400000000000000e+04
2.019900000000000000e+04
2.128300000000000000e+04
2.191200000000000000e+04
2.196400000000000000e+04
2.227500000000000000e+04
2.258400000000000000e+04
2.291100000000000000e+04
