2.993000000000000000e+03
3.038000000000000000e+03
3.091000000000000000e+03
3.129000000000000000e+03
3.199000000000000000e+03
3.129000000000000000e+03
3.034000000000000000e+03
2.862000000000000000e+03
2.808000000000000000e+03
2.721000000000000000e+03
2.556000000000000000e+03
2.420000000000000000e+03
2.323000000000000000e+03
2.317000000000000000e+03
2.419000000000000000e+03
2.540000000000000000e+03
2.752000000000000000e+03
2.963000000000000000e+03
3.242000000000000000e+03
3.485000000000000000e+03
3.737000000000000000e+03
3.922000000000000000e+03
4.113000000000000000e+03
4.306000000000000000e+03
4.404000000000000000e+03
4.558000000000000000e+03
4.734000000000000000e+03
4.879000000000000000e+03
4.892000000000000000e+03
5.014000000000000000e+03
5.153000000000000000e+03
5.254000000000000000e+03
