2.709500000000000000e+04
2.658400000000000000e+04
2.596600000000000000e+04
2.570100000000000000e+04
2.537200000000000000e+04
2.523200000000000000e+04
2.492900000000000000e+04
2.475900000000000000e+04
2.456200000000000000e+04
2.450000000000000000e+04
2.450800000000000000e+04
2.460400000000000000e+04
2.464500000000000000e+04
2.483000000000000000e+04
2.498600000000000000e+04
2.509200000000000000e+04
2.539900000000000000e+04
2.554600000000000000e+04
2.567600000000000000e+04
2.574400000000000000e+04
2.570300000000000000e+04
2.558400000000000000e+04
2.559500000000000000e+04
2.568300000000000000e+04
2.566400000000000000e+04
2.544100000000000000e+04
2.496500000000000000e+04
2.474100000000000000e+04
2.467400000000000000e+04
2.474200000000000000e+04
2.485700000000000000e+04
2.491600000000000000e+04
