1.576000000000000000e+04
1.579900000000000000e+04
1.578200000000000000e+04
1.588600000000000000e+04
1.596300000000000000e+04
1.601500000000000000e+04
1.576200000000000000e+04
1.584600000000000000e+04
1.591400000000000000e+04
1.598100000000000000e+04
1.597200000000000000e+04
1.604300000000000000e+04
1.617800000000000000e+04
1.616800000000000000e+04
1.637200000000000000e+04
1.652300000000000000e+04
1.661200000000000000e+04
1.669700000000000000e+04
1.670700000000000000e+04
1.674700000000000000e+04
1.678100000000000000e+04
1.659100000000000000e+04
1.636300000000000000e+04
1.648200000000000000e+04
1.602900000000000000e+04
1.570300000000000000e+04
1.521200000000000000e+04
1.521300000000000000e+04
1.546700000000000000e+04
1.571100000000000000e+04
1.592500000000000000e+04
1.631100000000000000e+04
