1.300000000000000000e+01
1.200000000000000000e+01
1.100000000000000000e+01
1.200000000000000000e+01
1.200000000000000000e+01
9.000000000000000000e+00
1.200000000000000000e+01
1.700000000000000000e+01
1.500000000000000000e+01
1.700000000000000000e+01
1.800000000000000000e+01
2.500000000000000000e+01
2.600000000000000000e+01
2.900000000000000000e+01
2.700000000000000000e+01
3.000000000000000000e+01
3.100000000000000000e+01
3.500000000000000000e+01
3.500000000000000000e+01
3.400000000000000000e+01
4.100000000000000000e+01
4.900000000000000000e+01
4.900000000000000000e+01
5.200000000000000000e+01
5.600000000000000000e+01
5.700000000000000000e+01
5.400000000000000000e+01
5.400000000000000000e+01
5.300000000000000000e+01
4.600000000000000000e+01
4.900000000000000000e+01
5.000000000000000000e+01
