1.143000000000000000e+03
1.102000000000000000e+03
1.123000000000000000e+03
1.111000000000000000e+03
1.138000000000000000e+03
1.194000000000000000e+03
1.235000000000000000e+03
1.297000000000000000e+03
1.307000000000000000e+03
1.327000000000000000e+03
1.366000000000000000e+03
1.401000000000000000e+03
1.385000000000000000e+03
1.400000000000000000e+03
1.381000000000000000e+03
1.376000000000000000e+03
1.397000000000000000e+03
1.385000000000000000e+03
1.396000000000000000e+03
1.403000000000000000e+03
1.396000000000000000e+03
1.431000000000000000e+03
1.415000000000000000e+03
1.386000000000000000e+03
1.387000000000000000e+03
1.381000000000000000e+03
1.325000000000000000e+03
1.317000000000000000e+03
1.276000000000000000e+03
1.266000000000000000e+03
1.247000000000000000e+03
1.233000000000000000e+03
