1.770000000000000000e+02
1.770000000000000000e+02
1.720000000000000000e+02
1.740000000000000000e+02
1.700000000000000000e+02
1.700000000000000000e+02
1.660000000000000000e+02
1.720000000000000000e+02
1.590000000000000000e+02
1.610000000000000000e+02
1.510000000000000000e+02
1.350000000000000000e+02
1.350000000000000000e+02
1.300000000000000000e+02
1.340000000000000000e+02
1.400000000000000000e+02
1.420000000000000000e+02
1.540000000000000000e+02
1.630000000000000000e+02
1.820000000000000000e+02
1.980000000000000000e+02
2.210000000000000000e+02
2.280000000000000000e+02
2.360000000000000000e+02
2.470000000000000000e+02
2.660000000000000000e+02
2.730000000000000000e+02
2.620000000000000000e+02
2.800000000000000000e+02
2.900000000000000000e+02
2.910000000000000000e+02
2.950000000000000000e+02
