1.447000000000000000e+03
1.444000000000000000e+03
1.464000000000000000e+03
1.460000000000000000e+03
1.469000000000000000e+03
1.501000000000000000e+03
1.512000000000000000e+03
1.518000000000000000e+03
1.541000000000000000e+03
1.544000000000000000e+03
1.518000000000000000e+03
1.478000000000000000e+03
1.454000000000000000e+03
1.452000000000000000e+03
1.454000000000000000e+03
1.423000000000000000e+03
1.384000000000000000e+03
1.369000000000000000e+03
1.343000000000000000e+03
1.322000000000000000e+03
1.273000000000000000e+03
1.251000000000000000e+03
1.242000000000000000e+03
1.232000000000000000e+03
1.232000000000000000e+03
1.201000000000000000e+03
1.194000000000000000e+03
1.166000000000000000e+03
1.153000000000000000e+03
1.113000000000000000e+03
1.117000000000000000e+03
1.079000000000000000e+03
