4.820000000000000000e+02
5.220000000000000000e+02
5.350000000000000000e+02
5.540000000000000000e+02
5.630000000000000000e+02
5.830000000000000000e+02
6.040000000000000000e+02
6.150000000000000000e+02
6.350000000000000000e+02
6.400000000000000000e+02
6.470000000000000000e+02
6.370000000000000000e+02
6.580000000000000000e+02
6.670000000000000000e+02
6.610000000000000000e+02
6.560000000000000000e+02
6.740000000000000000e+02
6.640000000000000000e+02
6.690000000000000000e+02
6.620000000000000000e+02
6.720000000000000000e+02
6.850000000000000000e+02
6.820000000000000000e+02
6.710000000000000000e+02
6.700000000000000000e+02
6.680000000000000000e+02
6.600000000000000000e+02
6.650000000000000000e+02
6.820000000000000000e+02
6.630000000000000000e+02
6.570000000000000000e+02
6.500000000000000000e+02
