1.286300000000000000e+04
1.291700000000000000e+04
1.291600000000000000e+04
1.292900000000000000e+04
1.293900000000000000e+04
1.293700000000000000e+04
1.291500000000000000e+04
1.289500000000000000e+04
1.291800000000000000e+04
1.295700000000000000e+04
1.293500000000000000e+04
1.284700000000000000e+04
1.283000000000000000e+04
1.283200000000000000e+04
1.282800000000000000e+04
1.281500000000000000e+04
1.280600000000000000e+04
1.283100000000000000e+04
1.281800000000000000e+04
1.276600000000000000e+04
1.272300000000000000e+04
1.267500000000000000e+04
1.247800000000000000e+04
1.248500000000000000e+04
1.240300000000000000e+04
1.240000000000000000e+04
1.234300000000000000e+04
1.238000000000000000e+04
1.229600000000000000e+04
1.227300000000000000e+04
1.214900000000000000e+04
1.208600000000000000e+04
