1.275000000000000000e+03
1.273000000000000000e+03
1.258000000000000000e+03
1.280000000000000000e+03
1.286000000000000000e+03
1.298000000000000000e+03
1.324000000000000000e+03
1.328000000000000000e+03
1.346000000000000000e+03
1.366000000000000000e+03
1.372000000000000000e+03
1.377000000000000000e+03
1.373000000000000000e+03
1.381000000000000000e+03
1.395000000000000000e+03
1.383000000000000000e+03
1.364000000000000000e+03
1.368000000000000000e+03
1.364000000000000000e+03
1.379000000000000000e+03
1.373000000000000000e+03
1.379000000000000000e+03
1.407000000000000000e+03
1.388000000000000000e+03
1.396000000000000000e+03
1.408000000000000000e+03
1.424000000000000000e+03
1.435000000000000000e+03
1.439000000000000000e+03
1.424000000000000000e+03
1.414000000000000000e+03
1.383000000000000000e+03
