9.370000000000000000e+02
9.310000000000000000e+02
9.240000000000000000e+02
9.110000000000000000e+02
8.970000000000000000e+02
9.030000000000000000e+02
8.800000000000000000e+02
8.710000000000000000e+02
8.720000000000000000e+02
8.580000000000000000e+02
8.510000000000000000e+02
8.320000000000000000e+02
8.280000000000000000e+02
8.390000000000000000e+02
8.590000000000000000e+02
8.350000000000000000e+02
8.350000000000000000e+02
8.250000000000000000e+02
8.190000000000000000e+02
8.450000000000000000e+02
8.420000000000000000e+02
9.240000000000000000e+02
9.640000000000000000e+02
9.880000000000000000e+02
1.005000000000000000e+03
9.990000000000000000e+02
9.840000000000000000e+02
9.980000000000000000e+02
1.016000000000000000e+03
1.019000000000000000e+03
1.026000000000000000e+03
1.000000000000000000e+03
