3.200000000000000000e+01
3.000000000000000000e+01
3.700000000000000000e+01
4.200000000000000000e+01
5.100000000000000000e+01
5.600000000000000000e+01
5.500000000000000000e+01
5.200000000000000000e+01
6.100000000000000000e+01
6.100000000000000000e+01
6.000000000000000000e+01
6.000000000000000000e+01
6.600000000000000000e+01
7.200000000000000000e+01
7.300000000000000000e+01
6.800000000000000000e+01
6.500000000000000000e+01
6.800000000000000000e+01
6.900000000000000000e+01
6.900000000000000000e+01
6.000000000000000000e+01
5.600000000000000000e+01
5.500000000000000000e+01
5.600000000000000000e+01
5.500000000000000000e+01
5.500000000000000000e+01
5.800000000000000000e+01
8.000000000000000000e+01
7.900000000000000000e+01
8.800000000000000000e+01
8.800000000000000000e+01
9.600000000000000000e+01
