8.220000000000000000e+02
8.130000000000000000e+02
8.070000000000000000e+02
7.860000000000000000e+02
7.900000000000000000e+02
7.770000000000000000e+02
7.710000000000000000e+02
8.110000000000000000e+02
8.120000000000000000e+02
8.380000000000000000e+02
8.390000000000000000e+02
8.460000000000000000e+02
8.390000000000000000e+02
8.480000000000000000e+02
8.420000000000000000e+02
8.770000000000000000e+02
8.950000000000000000e+02
9.070000000000000000e+02
8.990000000000000000e+02
8.970000000000000000e+02
9.080000000000000000e+02
9.150000000000000000e+02
9.270000000000000000e+02
9.490000000000000000e+02
9.460000000000000000e+02
9.340000000000000000e+02
9.030000000000000000e+02
9.000000000000000000e+02
9.250000000000000000e+02
9.440000000000000000e+02
9.550000000000000000e+02
9.200000000000000000e+02
