8.300000000000000000e+01
8.400000000000000000e+01
9.200000000000000000e+01
9.500000000000000000e+01
9.600000000000000000e+01
9.700000000000000000e+01
9.100000000000000000e+01
8.600000000000000000e+01
8.700000000000000000e+01
8.900000000000000000e+01
9.000000000000000000e+01
7.200000000000000000e+01
6.000000000000000000e+01
5.500000000000000000e+01
5.300000000000000000e+01
5.300000000000000000e+01
6.700000000000000000e+01
7.000000000000000000e+01
7.500000000000000000e+01
7.800000000000000000e+01
8.100000000000000000e+01
1.200000000000000000e+02
1.380000000000000000e+02
1.420000000000000000e+02
1.410000000000000000e+02
1.410000000000000000e+02
1.290000000000000000e+02
1.270000000000000000e+02
1.360000000000000000e+02
1.340000000000000000e+02
1.330000000000000000e+02
1.360000000000000000e+02
