8.830000000000000000e+02
8.830000000000000000e+02
8.940000000000000000e+02
9.130000000000000000e+02
9.190000000000000000e+02
9.040000000000000000e+02
9.430000000000000000e+02
9.550000000000000000e+02
9.740000000000000000e+02
9.560000000000000000e+02
9.950000000000000000e+02
1.007000000000000000e+03
1.003000000000000000e+03
1.006000000000000000e+03
1.025000000000000000e+03
1.025000000000000000e+03
1.028000000000000000e+03
1.018000000000000000e+03
1.028000000000000000e+03
1.007000000000000000e+03
9.890000000000000000e+02
9.740000000000000000e+02
9.760000000000000000e+02
9.660000000000000000e+02
9.910000000000000000e+02
9.680000000000000000e+02
9.560000000000000000e+02
1.008000000000000000e+03
1.026000000000000000e+03
1.062000000000000000e+03
1.084000000000000000e+03
1.084000000000000000e+03
