1.046300000000000000e+04
1.036700000000000000e+04
1.031800000000000000e+04
1.031500000000000000e+04
1.036500000000000000e+04
1.025700000000000000e+04
1.029100000000000000e+04
1.034300000000000000e+04
1.033700000000000000e+04
1.026800000000000000e+04
1.020500000000000000e+04
1.022600000000000000e+04
1.023400000000000000e+04
1.024000000000000000e+04
1.020500000000000000e+04
1.029000000000000000e+04
1.026800000000000000e+04
1.031500000000000000e+04
1.026500000000000000e+04
1.039900000000000000e+04
1.052800000000000000e+04
1.048400000000000000e+04
1.039600000000000000e+04
1.041700000000000000e+04
1.017800000000000000e+04
1.019300000000000000e+04
9.994000000000000000e+03
9.856000000000000000e+03
9.653000000000000000e+03
9.565000000000000000e+03
9.524000000000000000e+03
9.604000000000000000e+03
