1.216300000000000000e+04
1.230200000000000000e+04
1.239900000000000000e+04
1.261600000000000000e+04
1.271600000000000000e+04
1.270400000000000000e+04
1.270300000000000000e+04
1.273600000000000000e+04
1.272200000000000000e+04
1.266400000000000000e+04
1.246000000000000000e+04
1.231500000000000000e+04
1.214200000000000000e+04
1.200100000000000000e+04
1.179300000000000000e+04
1.164600000000000000e+04
1.152500000000000000e+04
1.143400000000000000e+04
1.138900000000000000e+04
1.147500000000000000e+04
1.165300000000000000e+04
1.143300000000000000e+04
1.142500000000000000e+04
1.140000000000000000e+04
1.129200000000000000e+04
1.139200000000000000e+04
1.139300000000000000e+04
1.135900000000000000e+04
1.134700000000000000e+04
1.128900000000000000e+04
1.117700000000000000e+04
1.108200000000000000e+04
