1.144400000000000000e+04
1.134700000000000000e+04
1.126400000000000000e+04
1.118400000000000000e+04
1.116000000000000000e+04
1.101500000000000000e+04
1.081300000000000000e+04
1.064900000000000000e+04
1.056700000000000000e+04
1.049200000000000000e+04
1.037000000000000000e+04
1.028200000000000000e+04
1.028900000000000000e+04
1.021100000000000000e+04
1.024000000000000000e+04
1.023100000000000000e+04
1.024300000000000000e+04
1.031700000000000000e+04
1.029200000000000000e+04
1.037100000000000000e+04
1.047900000000000000e+04
1.036500000000000000e+04
1.051000000000000000e+04
1.067600000000000000e+04
1.070300000000000000e+04
1.070000000000000000e+04
1.065500000000000000e+04
1.070800000000000000e+04
1.065600000000000000e+04
1.069600000000000000e+04
1.064000000000000000e+04
1.057900000000000000e+04
