1.490480000000000000e+05
1.487120000000000000e+05
1.481590000000000000e+05
1.481600000000000000e+05
1.480690000000000000e+05
1.479220000000000000e+05
1.477800000000000000e+05
1.477140000000000000e+05
1.475880000000000000e+05
1.472110000000000000e+05
1.468250000000000000e+05
1.464840000000000000e+05
1.462530000000000000e+05
1.459460000000000000e+05
1.456780000000000000e+05
1.457680000000000000e+05
1.455280000000000000e+05
1.455470000000000000e+05
1.454230000000000000e+05
1.462180000000000000e+05
1.468490000000000000e+05
1.468180000000000000e+05
1.487470000000000000e+05
1.483850000000000000e+05
1.483400000000000000e+05
1.477870000000000000e+05
1.479510000000000000e+05
1.475690000000000000e+05
1.480490000000000000e+05
1.476580000000000000e+05
1.482890000000000000e+05
1.480660000000000000e+05
