1.871000000000000000e+03
1.786000000000000000e+03
1.722000000000000000e+03
1.684000000000000000e+03
1.778000000000000000e+03
1.894000000000000000e+03
2.027000000000000000e+03
2.183000000000000000e+03
2.368000000000000000e+03
2.527000000000000000e+03
2.682000000000000000e+03
2.875000000000000000e+03
3.008000000000000000e+03
3.146000000000000000e+03
3.248000000000000000e+03
3.353000000000000000e+03
3.429000000000000000e+03
3.494000000000000000e+03
3.576000000000000000e+03
3.665000000000000000e+03
3.743000000000000000e+03
3.761000000000000000e+03
3.852000000000000000e+03
3.884000000000000000e+03
3.935000000000000000e+03
3.955000000000000000e+03
4.012000000000000000e+03
4.042000000000000000e+03
4.116000000000000000e+03
4.195000000000000000e+03
4.231000000000000000e+03
4.341000000000000000e+03
