1.063750000000000000e+05
1.060700000000000000e+05
1.055760000000000000e+05
1.055690000000000000e+05
1.056530000000000000e+05
1.055380000000000000e+05
1.054060000000000000e+05
1.052630000000000000e+05
1.051070000000000000e+05
1.047390000000000000e+05
1.043370000000000000e+05
1.041880000000000000e+05
1.038990000000000000e+05
1.035980000000000000e+05
1.032510000000000000e+05
1.030900000000000000e+05
1.028560000000000000e+05
1.027930000000000000e+05
1.024720000000000000e+05
1.028970000000000000e+05
1.031650000000000000e+05
1.027480000000000000e+05
1.040790000000000000e+05
1.032940000000000000e+05
1.030620000000000000e+05
1.023440000000000000e+05
1.023940000000000000e+05
1.017530000000000000e+05
1.019860000000000000e+05
1.011580000000000000e+05
1.015670000000000000e+05
1.009690000000000000e+05
