4.400000000000000000e+01
4.100000000000000000e+01
4.800000000000000000e+01
5.000000000000000000e+01
5.300000000000000000e+01
5.300000000000000000e+01
5.500000000000000000e+01
6.500000000000000000e+01
7.100000000000000000e+01
8.200000000000000000e+01
8.400000000000000000e+01
8.000000000000000000e+01
7.500000000000000000e+01
8.500000000000000000e+01
9.700000000000000000e+01
9.600000000000000000e+01
1.040000000000000000e+02
9.900000000000000000e+01
9.200000000000000000e+01
1.090000000000000000e+02
1.110000000000000000e+02
1.120000000000000000e+02
1.240000000000000000e+02
1.120000000000000000e+02
1.150000000000000000e+02
1.240000000000000000e+02
1.150000000000000000e+02
1.030000000000000000e+02
9.900000000000000000e+01
9.700000000000000000e+01
1.020000000000000000e+02
1.040000000000000000e+02
