7.795000000000000000e+03
7.923000000000000000e+03
7.914000000000000000e+03
7.934000000000000000e+03
7.925000000000000000e+03
7.920000000000000000e+03
7.865000000000000000e+03
7.919000000000000000e+03
7.915000000000000000e+03
7.900000000000000000e+03
7.880000000000000000e+03
7.690000000000000000e+03
7.647000000000000000e+03
7.571000000000000000e+03
7.585000000000000000e+03
7.545000000000000000e+03
7.511000000000000000e+03
7.513000000000000000e+03
7.515000000000000000e+03
7.729000000000000000e+03
7.971000000000000000e+03
8.222000000000000000e+03
8.492000000000000000e+03
8.735000000000000000e+03
8.631000000000000000e+03
8.582000000000000000e+03
8.482000000000000000e+03
8.380000000000000000e+03
8.406000000000000000e+03
8.332000000000000000e+03
8.187000000000000000e+03
8.139000000000000000e+03
