6.470000000000000000e+02
6.480000000000000000e+02
6.380000000000000000e+02
6.450000000000000000e+02
6.480000000000000000e+02
6.530000000000000000e+02
6.160000000000000000e+02
6.180000000000000000e+02
6.140000000000000000e+02
5.930000000000000000e+02
5.880000000000000000e+02
6.130000000000000000e+02
6.160000000000000000e+02
6.110000000000000000e+02
6.100000000000000000e+02
6.010000000000000000e+02
6.120000000000000000e+02
6.100000000000000000e+02
6.190000000000000000e+02
6.280000000000000000e+02
6.260000000000000000e+02
6.000000000000000000e+02
6.100000000000000000e+02
6.290000000000000000e+02
6.180000000000000000e+02
6.100000000000000000e+02
5.870000000000000000e+02
5.850000000000000000e+02
5.640000000000000000e+02
5.860000000000000000e+02
5.850000000000000000e+02
6.030000000000000000e+02
