6.130000000000000000e+02
5.800000000000000000e+02
5.800000000000000000e+02
5.910000000000000000e+02
5.840000000000000000e+02
5.860000000000000000e+02
5.790000000000000000e+02
5.740000000000000000e+02
5.670000000000000000e+02
5.730000000000000000e+02
5.820000000000000000e+02
6.080000000000000000e+02
5.930000000000000000e+02
5.990000000000000000e+02
6.220000000000000000e+02
6.320000000000000000e+02
6.450000000000000000e+02
6.530000000000000000e+02
6.630000000000000000e+02
6.560000000000000000e+02
6.450000000000000000e+02
6.300000000000000000e+02
6.460000000000000000e+02
6.500000000000000000e+02
6.370000000000000000e+02
6.300000000000000000e+02
6.310000000000000000e+02
6.150000000000000000e+02
5.990000000000000000e+02
6.020000000000000000e+02
5.990000000000000000e+02
5.710000000000000000e+02
