5.850000000000000000e+02
6.150000000000000000e+02
5.960000000000000000e+02
5.970000000000000000e+02
6.220000000000000000e+02
6.410000000000000000e+02
6.500000000000000000e+02
6.710000000000000000e+02
6.910000000000000000e+02
6.780000000000000000e+02
6.700000000000000000e+02
6.570000000000000000e+02
6.810000000000000000e+02
6.780000000000000000e+02
6.600000000000000000e+02
6.560000000000000000e+02
6.490000000000000000e+02
6.460000000000000000e+02
6.300000000000000000e+02
6.340000000000000000e+02
6.290000000000000000e+02
5.910000000000000000e+02
5.800000000000000000e+02
5.700000000000000000e+02
5.670000000000000000e+02
5.620000000000000000e+02
5.510000000000000000e+02
5.420000000000000000e+02
5.570000000000000000e+02
5.460000000000000000e+02
5.560000000000000000e+02
5.660000000000000000e+02
