1.507000000000000000e+03
1.505000000000000000e+03
1.495000000000000000e+03
1.507000000000000000e+03
1.489000000000000000e+03
1.487000000000000000e+03
1.472000000000000000e+03
1.467000000000000000e+03
1.463000000000000000e+03
1.437000000000000000e+03
1.416000000000000000e+03
1.391000000000000000e+03
1.382000000000000000e+03
1.379000000000000000e+03
1.377000000000000000e+03
1.374000000000000000e+03
1.370000000000000000e+03
1.365000000000000000e+03
1.349000000000000000e+03
1.349000000000000000e+03
1.342000000000000000e+03
1.317000000000000000e+03
1.291000000000000000e+03
1.297000000000000000e+03
1.281000000000000000e+03
1.255000000000000000e+03
1.254000000000000000e+03
1.245000000000000000e+03
1.239000000000000000e+03
1.217000000000000000e+03
1.214000000000000000e+03
1.239000000000000000e+03
