3.910000000000000000e+02
3.880000000000000000e+02
4.130000000000000000e+02
4.070000000000000000e+02
4.200000000000000000e+02
4.140000000000000000e+02
4.220000000000000000e+02
4.100000000000000000e+02
4.080000000000000000e+02
4.070000000000000000e+02
4.090000000000000000e+02
4.260000000000000000e+02
4.130000000000000000e+02
4.100000000000000000e+02
4.000000000000000000e+02
3.880000000000000000e+02
3.890000000000000000e+02
3.930000000000000000e+02
4.090000000000000000e+02
4.260000000000000000e+02
4.350000000000000000e+02
4.410000000000000000e+02
4.560000000000000000e+02
4.740000000000000000e+02
5.020000000000000000e+02
5.290000000000000000e+02
5.290000000000000000e+02
5.450000000000000000e+02
5.730000000000000000e+02
5.720000000000000000e+02
5.800000000000000000e+02
5.900000000000000000e+02
