4.750000000000000000e+02
4.620000000000000000e+02
4.560000000000000000e+02
4.750000000000000000e+02
4.620000000000000000e+02
4.570000000000000000e+02
4.520000000000000000e+02
4.540000000000000000e+02
4.640000000000000000e+02
4.410000000000000000e+02
4.190000000000000000e+02
4.160000000000000000e+02
4.120000000000000000e+02
4.060000000000000000e+02
4.150000000000000000e+02
4.130000000000000000e+02
4.220000000000000000e+02
4.130000000000000000e+02
4.010000000000000000e+02
4.140000000000000000e+02
4.110000000000000000e+02
4.140000000000000000e+02
4.100000000000000000e+02
4.180000000000000000e+02
3.970000000000000000e+02
3.840000000000000000e+02
3.870000000000000000e+02
3.830000000000000000e+02
3.660000000000000000e+02
3.590000000000000000e+02
3.780000000000000000e+02
4.090000000000000000e+02
