1.283000000000000000e+03
1.271000000000000000e+03
1.240000000000000000e+03
1.261000000000000000e+03
1.264000000000000000e+03
1.217000000000000000e+03
1.214000000000000000e+03
1.209000000000000000e+03
1.193000000000000000e+03
1.175000000000000000e+03
1.174000000000000000e+03
1.165000000000000000e+03
1.178000000000000000e+03
1.149000000000000000e+03
1.137000000000000000e+03
1.174000000000000000e+03
1.148000000000000000e+03
1.153000000000000000e+03
1.160000000000000000e+03
1.166000000000000000e+03
1.179000000000000000e+03
1.176000000000000000e+03
1.201000000000000000e+03
1.209000000000000000e+03
1.220000000000000000e+03
1.185000000000000000e+03
1.188000000000000000e+03
1.181000000000000000e+03
1.172000000000000000e+03
1.159000000000000000e+03
1.133000000000000000e+03
1.136000000000000000e+03
