9.310000000000000000e+02
8.990000000000000000e+02
9.250000000000000000e+02
9.210000000000000000e+02
8.880000000000000000e+02
8.450000000000000000e+02
7.740000000000000000e+02
7.590000000000000000e+02
7.580000000000000000e+02
7.720000000000000000e+02
7.660000000000000000e+02
7.780000000000000000e+02
7.700000000000000000e+02
7.990000000000000000e+02
8.330000000000000000e+02
8.650000000000000000e+02
9.360000000000000000e+02
9.790000000000000000e+02
9.790000000000000000e+02
1.000000000000000000e+03
1.013000000000000000e+03
1.049000000000000000e+03
1.059000000000000000e+03
1.057000000000000000e+03
1.068000000000000000e+03
1.092000000000000000e+03
1.099000000000000000e+03
1.123000000000000000e+03
1.132000000000000000e+03
1.159000000000000000e+03
1.197000000000000000e+03
1.211000000000000000e+03
