1.238000000000000000e+03
1.262000000000000000e+03
1.247000000000000000e+03
1.250000000000000000e+03
1.268000000000000000e+03
1.261000000000000000e+03
1.265000000000000000e+03
1.247000000000000000e+03
1.242000000000000000e+03
1.224000000000000000e+03
1.219000000000000000e+03
1.211000000000000000e+03
1.230000000000000000e+03
1.249000000000000000e+03
1.221000000000000000e+03
1.232000000000000000e+03
1.241000000000000000e+03
1.242000000000000000e+03
1.280000000000000000e+03
1.298000000000000000e+03
1.286000000000000000e+03
1.262000000000000000e+03
1.238000000000000000e+03
1.248000000000000000e+03
1.274000000000000000e+03
1.230000000000000000e+03
1.231000000000000000e+03
1.216000000000000000e+03
1.211000000000000000e+03
1.196000000000000000e+03
1.194000000000000000e+03
1.176000000000000000e+03
