1.093400000000000000e+04
1.095300000000000000e+04
1.093600000000000000e+04
1.099300000000000000e+04
1.098100000000000000e+04
1.098400000000000000e+04
1.099400000000000000e+04
1.104100000000000000e+04
1.103000000000000000e+04
1.107100000000000000e+04
1.106700000000000000e+04
1.107500000000000000e+04
1.107700000000000000e+04
1.109000000000000000e+04
1.111000000000000000e+04
1.109400000000000000e+04
1.108700000000000000e+04
1.113600000000000000e+04
1.113500000000000000e+04
1.113700000000000000e+04
1.112200000000000000e+04
1.094000000000000000e+04
1.079400000000000000e+04
1.089600000000000000e+04
1.099300000000000000e+04
1.102200000000000000e+04
1.104800000000000000e+04
1.105100000000000000e+04
1.105400000000000000e+04
1.104500000000000000e+04
1.098100000000000000e+04
1.096300000000000000e+04
