1.191000000000000000e+03
1.208000000000000000e+03
1.221000000000000000e+03
1.230000000000000000e+03
1.242000000000000000e+03
1.209000000000000000e+03
1.221000000000000000e+03
1.239000000000000000e+03
1.219000000000000000e+03
1.229000000000000000e+03
1.209000000000000000e+03
1.205000000000000000e+03
1.191000000000000000e+03
1.189000000000000000e+03
1.162000000000000000e+03
1.133000000000000000e+03
1.118000000000000000e+03
1.106000000000000000e+03
1.094000000000000000e+03
1.086000000000000000e+03
1.076000000000000000e+03
9.450000000000000000e+02
9.060000000000000000e+02
8.980000000000000000e+02
9.130000000000000000e+02
9.310000000000000000e+02
9.240000000000000000e+02
9.220000000000000000e+02
9.220000000000000000e+02
9.120000000000000000e+02
8.870000000000000000e+02
8.590000000000000000e+02
