1.225000000000000000e+03
1.208000000000000000e+03
1.217000000000000000e+03
1.239000000000000000e+03
1.218000000000000000e+03
1.236000000000000000e+03
1.243000000000000000e+03
1.247000000000000000e+03
1.288000000000000000e+03
1.303000000000000000e+03
1.285000000000000000e+03
1.269000000000000000e+03
1.243000000000000000e+03
1.251000000000000000e+03
1.268000000000000000e+03
1.217000000000000000e+03
1.217000000000000000e+03
1.207000000000000000e+03
1.195000000000000000e+03
1.163000000000000000e+03
1.169000000000000000e+03
1.157000000000000000e+03
1.170000000000000000e+03
1.144000000000000000e+03
1.137000000000000000e+03
1.179000000000000000e+03
1.170000000000000000e+03
1.140000000000000000e+03
1.157000000000000000e+03
1.164000000000000000e+03
1.178000000000000000e+03
1.184000000000000000e+03
