5.590000000000000000e+02
5.770000000000000000e+02
5.720000000000000000e+02
5.720000000000000000e+02
6.060000000000000000e+02
6.010000000000000000e+02
5.790000000000000000e+02
5.320000000000000000e+02
5.190000000000000000e+02
4.720000000000000000e+02
4.410000000000000000e+02
3.960000000000000000e+02
3.760000000000000000e+02
3.640000000000000000e+02
4.070000000000000000e+02
4.350000000000000000e+02
4.710000000000000000e+02
5.190000000000000000e+02
5.670000000000000000e+02
6.030000000000000000e+02
6.670000000000000000e+02
7.070000000000000000e+02
7.610000000000000000e+02
7.700000000000000000e+02
7.920000000000000000e+02
8.310000000000000000e+02
8.070000000000000000e+02
8.400000000000000000e+02
8.380000000000000000e+02
8.640000000000000000e+02
9.080000000000000000e+02
8.880000000000000000e+02
