2.766000000000000000e+03
2.735000000000000000e+03
2.702000000000000000e+03
2.691000000000000000e+03
2.705000000000000000e+03
2.619000000000000000e+03
2.644000000000000000e+03
2.637000000000000000e+03
2.607000000000000000e+03
2.594000000000000000e+03
2.594000000000000000e+03
2.587000000000000000e+03
2.559000000000000000e+03
2.565000000000000000e+03
2.527000000000000000e+03
2.512000000000000000e+03
2.453000000000000000e+03
2.438000000000000000e+03
2.443000000000000000e+03
2.378000000000000000e+03
2.334000000000000000e+03
2.321000000000000000e+03
2.293000000000000000e+03
2.221000000000000000e+03
2.248000000000000000e+03
2.257000000000000000e+03
2.296000000000000000e+03
2.359000000000000000e+03
2.389000000000000000e+03
2.498000000000000000e+03
2.553000000000000000e+03
2.599000000000000000e+03
