1.270000000000000000e+02
1.280000000000000000e+02
1.330000000000000000e+02
1.210000000000000000e+02
1.220000000000000000e+02
1.340000000000000000e+02
1.370000000000000000e+02
1.430000000000000000e+02
1.470000000000000000e+02
1.710000000000000000e+02
1.770000000000000000e+02
1.890000000000000000e+02
1.960000000000000000e+02
1.970000000000000000e+02
2.150000000000000000e+02
2.050000000000000000e+02
1.950000000000000000e+02
1.810000000000000000e+02
1.700000000000000000e+02
1.580000000000000000e+02
1.420000000000000000e+02
1.250000000000000000e+02
1.280000000000000000e+02
1.350000000000000000e+02
1.610000000000000000e+02
1.830000000000000000e+02
2.200000000000000000e+02
2.290000000000000000e+02
2.480000000000000000e+02
2.420000000000000000e+02
2.580000000000000000e+02
2.760000000000000000e+02
