3.550000000000000000e+03
3.557000000000000000e+03
3.593000000000000000e+03
3.638000000000000000e+03
3.764000000000000000e+03
3.875000000000000000e+03
4.090000000000000000e+03
4.295000000000000000e+03
4.349000000000000000e+03
4.409000000000000000e+03
4.488000000000000000e+03
4.597000000000000000e+03
4.614000000000000000e+03
4.635000000000000000e+03
4.710000000000000000e+03
4.702000000000000000e+03
4.719000000000000000e+03
4.719000000000000000e+03
4.753000000000000000e+03
4.776000000000000000e+03
4.737000000000000000e+03
4.674000000000000000e+03
4.648000000000000000e+03
4.672000000000000000e+03
4.592000000000000000e+03
4.578000000000000000e+03
4.485000000000000000e+03
4.406000000000000000e+03
4.389000000000000000e+03
4.332000000000000000e+03
4.320000000000000000e+03
4.276000000000000000e+03
