3.221000000000000000e+03
3.126000000000000000e+03
3.089000000000000000e+03
3.037000000000000000e+03
2.976000000000000000e+03
2.972000000000000000e+03
2.936000000000000000e+03
2.919000000000000000e+03
2.879000000000000000e+03
2.813000000000000000e+03
2.796000000000000000e+03
2.743000000000000000e+03
2.689000000000000000e+03
2.640000000000000000e+03
2.620000000000000000e+03
2.592000000000000000e+03
2.556000000000000000e+03
2.490000000000000000e+03
2.489000000000000000e+03
2.458000000000000000e+03
2.459000000000000000e+03
2.434000000000000000e+03
2.437000000000000000e+03
2.457000000000000000e+03
2.455000000000000000e+03
2.428000000000000000e+03
2.392000000000000000e+03
2.405000000000000000e+03
2.393000000000000000e+03
2.400000000000000000e+03
2.382000000000000000e+03
2.407000000000000000e+03
