3.781000000000000000e+03
3.748000000000000000e+03
3.709000000000000000e+03
3.661000000000000000e+03
3.619000000000000000e+03
3.517000000000000000e+03
3.413000000000000000e+03
3.377000000000000000e+03
3.303000000000000000e+03
3.259000000000000000e+03
3.188000000000000000e+03
3.106000000000000000e+03
3.074000000000000000e+03
3.015000000000000000e+03
2.962000000000000000e+03
2.966000000000000000e+03
2.938000000000000000e+03
2.925000000000000000e+03
2.889000000000000000e+03
2.828000000000000000e+03
2.805000000000000000e+03
2.736000000000000000e+03
2.681000000000000000e+03
2.640000000000000000e+03
2.606000000000000000e+03
2.565000000000000000e+03
2.548000000000000000e+03
2.482000000000000000e+03
2.470000000000000000e+03
2.430000000000000000e+03
2.432000000000000000e+03
2.407000000000000000e+03
