3.161000000000000000e+03
3.226000000000000000e+03
3.344000000000000000e+03
3.450000000000000000e+03
3.420000000000000000e+03
3.463000000000000000e+03
3.349000000000000000e+03
3.278000000000000000e+03
3.316000000000000000e+03
3.341000000000000000e+03
3.400000000000000000e+03
3.409000000000000000e+03
3.440000000000000000e+03
3.478000000000000000e+03
3.607000000000000000e+03
3.717000000000000000e+03
3.932000000000000000e+03
4.150000000000000000e+03
4.198000000000000000e+03
4.250000000000000000e+03
4.308000000000000000e+03
4.404000000000000000e+03
4.441000000000000000e+03
4.454000000000000000e+03
4.523000000000000000e+03
4.505000000000000000e+03
4.528000000000000000e+03
4.531000000000000000e+03
4.581000000000000000e+03
4.602000000000000000e+03
4.558000000000000000e+03
4.525000000000000000e+03
