6.068000000000000000e+04
6.049000000000000000e+04
6.042200000000000000e+04
6.035300000000000000e+04
6.037700000000000000e+04
6.024300000000000000e+04
5.986900000000000000e+04
5.978100000000000000e+04
5.970700000000000000e+04
5.957800000000000000e+04
5.949700000000000000e+04
5.932200000000000000e+04
5.919400000000000000e+04
5.907000000000000000e+04
5.898800000000000000e+04
5.886800000000000000e+04
5.889300000000000000e+04
5.874100000000000000e+04
5.857200000000000000e+04
5.853600000000000000e+04
5.849100000000000000e+04
5.748300000000000000e+04
5.716200000000000000e+04
5.724100000000000000e+04
5.715100000000000000e+04
5.701300000000000000e+04
5.687000000000000000e+04
5.688900000000000000e+04
5.688700000000000000e+04
5.669200000000000000e+04
5.651900000000000000e+04
5.643000000000000000e+04
