2.806000000000000000e+03
2.756000000000000000e+03
2.693000000000000000e+03
2.650000000000000000e+03
2.626000000000000000e+03
2.591000000000000000e+03
2.555000000000000000e+03
2.498000000000000000e+03
2.508000000000000000e+03
2.467000000000000000e+03
2.459000000000000000e+03
2.436000000000000000e+03
2.441000000000000000e+03
2.461000000000000000e+03
2.457000000000000000e+03
2.438000000000000000e+03
2.414000000000000000e+03
2.414000000000000000e+03
2.409000000000000000e+03
2.399000000000000000e+03
2.390000000000000000e+03
2.411000000000000000e+03
2.416000000000000000e+03
2.417000000000000000e+03
2.457000000000000000e+03
2.451000000000000000e+03
2.472000000000000000e+03
2.470000000000000000e+03
2.507000000000000000e+03
2.514000000000000000e+03
2.495000000000000000e+03
2.511000000000000000e+03
