4.174800000000000000e+04
4.170100000000000000e+04
4.174900000000000000e+04
4.181400000000000000e+04
4.191000000000000000e+04
4.193600000000000000e+04
4.173600000000000000e+04
4.172100000000000000e+04
4.173600000000000000e+04
4.176800000000000000e+04
4.177800000000000000e+04
4.175200000000000000e+04
4.173500000000000000e+04
4.175100000000000000e+04
4.168300000000000000e+04
4.163400000000000000e+04
4.167500000000000000e+04
4.151800000000000000e+04
4.134200000000000000e+04
4.127500000000000000e+04
4.119500000000000000e+04
4.022100000000000000e+04
3.981900000000000000e+04
3.984500000000000000e+04
3.967800000000000000e+04
3.952500000000000000e+04
3.945700000000000000e+04
3.950400000000000000e+04
3.937700000000000000e+04
3.913200000000000000e+04
3.886500000000000000e+04
3.869200000000000000e+04
