3.700000000000000000e+01
3.800000000000000000e+01
3.800000000000000000e+01
3.900000000000000000e+01
3.700000000000000000e+01
3.800000000000000000e+01
4.000000000000000000e+01
4.200000000000000000e+01
4.900000000000000000e+01
5.600000000000000000e+01
5.000000000000000000e+01
4.700000000000000000e+01
4.700000000000000000e+01
5.000000000000000000e+01
4.700000000000000000e+01
4.700000000000000000e+01
4.000000000000000000e+01
4.600000000000000000e+01
5.100000000000000000e+01
5.900000000000000000e+01
6.300000000000000000e+01
6.400000000000000000e+01
6.700000000000000000e+01
7.000000000000000000e+01
7.000000000000000000e+01
6.900000000000000000e+01
7.000000000000000000e+01
6.300000000000000000e+01
5.200000000000000000e+01
4.000000000000000000e+01
3.900000000000000000e+01
4.100000000000000000e+01
