8.823000000000000000e+03
8.727000000000000000e+03
8.601000000000000000e+03
8.511000000000000000e+03
8.384000000000000000e+03
8.280000000000000000e+03
8.233000000000000000e+03
8.177000000000000000e+03
8.118000000000000000e+03
8.041000000000000000e+03
7.925000000000000000e+03
7.833000000000000000e+03
7.709000000000000000e+03
7.621000000000000000e+03
7.600000000000000000e+03
7.580000000000000000e+03
7.582000000000000000e+03
7.503000000000000000e+03
7.500000000000000000e+03
7.515000000000000000e+03
7.533000000000000000e+03
7.535000000000000000e+03
7.558000000000000000e+03
7.630000000000000000e+03
7.678000000000000000e+03
7.757000000000000000e+03
7.790000000000000000e+03
7.831000000000000000e+03
7.901000000000000000e+03
7.964000000000000000e+03
8.020000000000000000e+03
8.070000000000000000e+03
