5.016000000000000000e+03
4.899000000000000000e+03
4.752000000000000000e+03
4.750000000000000000e+03
4.771000000000000000e+03
4.679000000000000000e+03
4.594000000000000000e+03
4.505000000000000000e+03
4.474000000000000000e+03
4.433000000000000000e+03
4.452000000000000000e+03
4.432000000000000000e+03
4.382000000000000000e+03
4.344000000000000000e+03
4.370000000000000000e+03
4.346000000000000000e+03
4.392000000000000000e+03
4.440000000000000000e+03
4.403000000000000000e+03
4.380000000000000000e+03
4.397000000000000000e+03
4.332000000000000000e+03
4.363000000000000000e+03
4.407000000000000000e+03
4.381000000000000000e+03
4.339000000000000000e+03
4.322000000000000000e+03
4.265000000000000000e+03
4.283000000000000000e+03
4.307000000000000000e+03
4.283000000000000000e+03
4.265000000000000000e+03
