6.370000000000000000e+02
6.490000000000000000e+02
6.860000000000000000e+02
6.730000000000000000e+02
6.830000000000000000e+02
6.610000000000000000e+02
6.420000000000000000e+02
5.950000000000000000e+02
5.440000000000000000e+02
5.030000000000000000e+02
4.660000000000000000e+02
4.300000000000000000e+02
3.650000000000000000e+02
3.550000000000000000e+02
3.660000000000000000e+02
3.940000000000000000e+02
4.390000000000000000e+02
5.050000000000000000e+02
5.640000000000000000e+02
6.250000000000000000e+02
6.850000000000000000e+02
7.500000000000000000e+02
8.350000000000000000e+02
8.830000000000000000e+02
9.180000000000000000e+02
9.760000000000000000e+02
9.950000000000000000e+02
1.016000000000000000e+03
1.041000000000000000e+03
1.044000000000000000e+03
1.071000000000000000e+03
1.077000000000000000e+03
