4.423000000000000000e+03
4.384000000000000000e+03
4.373000000000000000e+03
4.378000000000000000e+03
4.414000000000000000e+03
4.319000000000000000e+03
4.353000000000000000e+03
4.288000000000000000e+03
4.315000000000000000e+03
4.322000000000000000e+03
4.361000000000000000e+03
4.333000000000000000e+03
4.372000000000000000e+03
4.324000000000000000e+03
4.355000000000000000e+03
4.399000000000000000e+03
4.426000000000000000e+03
4.507000000000000000e+03
4.501000000000000000e+03
4.567000000000000000e+03
4.604000000000000000e+03
4.557000000000000000e+03
4.604000000000000000e+03
4.675000000000000000e+03
4.715000000000000000e+03
4.678000000000000000e+03
4.647000000000000000e+03
4.613000000000000000e+03
4.529000000000000000e+03
4.431000000000000000e+03
4.332000000000000000e+03
4.234000000000000000e+03
