3.950000000000000000e+02
3.940000000000000000e+02
3.780000000000000000e+02
3.920000000000000000e+02
4.090000000000000000e+02
3.950000000000000000e+02
3.890000000000000000e+02
3.650000000000000000e+02
3.480000000000000000e+02
3.270000000000000000e+02
2.920000000000000000e+02
2.850000000000000000e+02
2.670000000000000000e+02
2.670000000000000000e+02
2.800000000000000000e+02
2.780000000000000000e+02
2.930000000000000000e+02
3.140000000000000000e+02
3.820000000000000000e+02
4.100000000000000000e+02
4.430000000000000000e+02
4.810000000000000000e+02
5.170000000000000000e+02
5.250000000000000000e+02
5.200000000000000000e+02
5.440000000000000000e+02
5.710000000000000000e+02
5.960000000000000000e+02
6.140000000000000000e+02
6.590000000000000000e+02
7.050000000000000000e+02
7.310000000000000000e+02
