4.056000000000000000e+03
3.950000000000000000e+03
3.894000000000000000e+03
3.829000000000000000e+03
3.766000000000000000e+03
3.727000000000000000e+03
3.642000000000000000e+03
3.572000000000000000e+03
3.502000000000000000e+03
3.483000000000000000e+03
3.387000000000000000e+03
3.327000000000000000e+03
3.274000000000000000e+03
3.229000000000000000e+03
3.182000000000000000e+03
3.125000000000000000e+03
3.142000000000000000e+03
3.129000000000000000e+03
3.112000000000000000e+03
3.132000000000000000e+03
3.135000000000000000e+03
3.107000000000000000e+03
3.114000000000000000e+03
3.071000000000000000e+03
3.065000000000000000e+03
3.082000000000000000e+03
3.053000000000000000e+03
3.087000000000000000e+03
3.150000000000000000e+03
3.180000000000000000e+03
3.264000000000000000e+03
3.338000000000000000e+03
