4.684000000000000000e+03
4.656000000000000000e+03
4.667000000000000000e+03
4.621000000000000000e+03
4.615000000000000000e+03
4.571000000000000000e+03
4.528000000000000000e+03
4.528000000000000000e+03
4.507000000000000000e+03
4.482000000000000000e+03
4.440000000000000000e+03
4.426000000000000000e+03
4.404000000000000000e+03
4.392000000000000000e+03
4.379000000000000000e+03
4.325000000000000000e+03
4.336000000000000000e+03
4.294000000000000000e+03
4.251000000000000000e+03
4.173000000000000000e+03
4.109000000000000000e+03
3.959000000000000000e+03
3.886000000000000000e+03
3.829000000000000000e+03
3.753000000000000000e+03
3.748000000000000000e+03
3.687000000000000000e+03
3.649000000000000000e+03
3.557000000000000000e+03
3.557000000000000000e+03
3.381000000000000000e+03
3.377000000000000000e+03
