4.175100000000000000e+04
4.174200000000000000e+04
4.170300000000000000e+04
4.203100000000000000e+04
4.213000000000000000e+04
4.217600000000000000e+04
4.224300000000000000e+04
4.232000000000000000e+04
4.233800000000000000e+04
4.236100000000000000e+04
4.249200000000000000e+04
4.276500000000000000e+04
4.279600000000000000e+04
4.287600000000000000e+04
4.294400000000000000e+04
4.320100000000000000e+04
4.320100000000000000e+04
4.333700000000000000e+04
4.329600000000000000e+04
4.373300000000000000e+04
4.381600000000000000e+04
4.324300000000000000e+04
4.338000000000000000e+04
4.365300000000000000e+04
4.386500000000000000e+04
4.401400000000000000e+04
4.403200000000000000e+04
4.395500000000000000e+04
4.387800000000000000e+04
4.381500000000000000e+04
4.356800000000000000e+04
4.346000000000000000e+04
