4.434000000000000000e+03
4.404000000000000000e+03
4.418000000000000000e+03
4.434000000000000000e+03
4.446000000000000000e+03
4.461000000000000000e+03
4.513000000000000000e+03
4.585000000000000000e+03
4.514000000000000000e+03
4.492000000000000000e+03
4.523000000000000000e+03
4.592000000000000000e+03
4.622000000000000000e+03
4.655000000000000000e+03
4.643000000000000000e+03
4.762000000000000000e+03
4.728000000000000000e+03
4.692000000000000000e+03
4.713000000000000000e+03
4.800000000000000000e+03
4.927000000000000000e+03
4.804000000000000000e+03
4.839000000000000000e+03
4.809000000000000000e+03
4.848000000000000000e+03
4.821000000000000000e+03
4.724000000000000000e+03
4.737000000000000000e+03
4.707000000000000000e+03
4.654000000000000000e+03
4.569000000000000000e+03
4.524000000000000000e+03
