9.460000000000000000e+02
9.290000000000000000e+02
8.970000000000000000e+02
8.860000000000000000e+02
8.710000000000000000e+02
8.670000000000000000e+02
8.380000000000000000e+02
8.300000000000000000e+02
8.150000000000000000e+02
8.030000000000000000e+02
7.900000000000000000e+02
7.730000000000000000e+02
7.820000000000000000e+02
7.570000000000000000e+02
7.420000000000000000e+02
7.350000000000000000e+02
7.420000000000000000e+02
7.440000000000000000e+02
7.560000000000000000e+02
7.440000000000000000e+02
7.420000000000000000e+02
7.410000000000000000e+02
7.370000000000000000e+02
7.510000000000000000e+02
7.810000000000000000e+02
7.970000000000000000e+02
7.850000000000000000e+02
7.970000000000000000e+02
8.040000000000000000e+02
8.100000000000000000e+02
8.140000000000000000e+02
8.060000000000000000e+02
