1.349000000000000000e+03
1.326000000000000000e+03
1.302000000000000000e+03
1.303000000000000000e+03
1.297000000000000000e+03
1.300000000000000000e+03
1.303000000000000000e+03
1.287000000000000000e+03
1.281000000000000000e+03
1.267000000000000000e+03
1.282000000000000000e+03
1.278000000000000000e+03
1.290000000000000000e+03
1.273000000000000000e+03
1.256000000000000000e+03
1.260000000000000000e+03
1.252000000000000000e+03
1.254000000000000000e+03
1.255000000000000000e+03
1.216000000000000000e+03
1.190000000000000000e+03
1.048000000000000000e+03
9.790000000000000000e+02
9.560000000000000000e+02
9.580000000000000000e+02
9.510000000000000000e+02
9.330000000000000000e+02
9.190000000000000000e+02
9.190000000000000000e+02
9.240000000000000000e+02
8.960000000000000000e+02
8.760000000000000000e+02
