4.360000000000000000e+02
4.610000000000000000e+02
4.940000000000000000e+02
5.080000000000000000e+02
5.190000000000000000e+02
5.280000000000000000e+02
5.350000000000000000e+02
5.440000000000000000e+02
5.420000000000000000e+02
5.600000000000000000e+02
5.740000000000000000e+02
5.970000000000000000e+02
5.920000000000000000e+02
5.860000000000000000e+02
5.820000000000000000e+02
5.820000000000000000e+02
5.980000000000000000e+02
6.280000000000000000e+02
6.170000000000000000e+02
6.130000000000000000e+02
5.970000000000000000e+02
5.880000000000000000e+02
6.000000000000000000e+02
5.990000000000000000e+02
6.110000000000000000e+02
6.260000000000000000e+02
6.310000000000000000e+02
6.170000000000000000e+02
6.450000000000000000e+02
6.710000000000000000e+02
6.670000000000000000e+02
6.620000000000000000e+02
