7.280000000000000000e+02
7.410000000000000000e+02
7.360000000000000000e+02
7.370000000000000000e+02
7.300000000000000000e+02
7.320000000000000000e+02
7.410000000000000000e+02
7.670000000000000000e+02
7.530000000000000000e+02
7.510000000000000000e+02
7.410000000000000000e+02
7.390000000000000000e+02
7.340000000000000000e+02
7.330000000000000000e+02
7.530000000000000000e+02
7.580000000000000000e+02
7.630000000000000000e+02
7.380000000000000000e+02
7.730000000000000000e+02
7.940000000000000000e+02
7.940000000000000000e+02
7.870000000000000000e+02
7.790000000000000000e+02
7.720000000000000000e+02
7.730000000000000000e+02
7.770000000000000000e+02
7.810000000000000000e+02
7.760000000000000000e+02
7.470000000000000000e+02
7.360000000000000000e+02
7.750000000000000000e+02
7.950000000000000000e+02
