9.860000000000000000e+02
1.011000000000000000e+03
1.031000000000000000e+03
1.056000000000000000e+03
1.065000000000000000e+03
1.037000000000000000e+03
1.000000000000000000e+03
1.002000000000000000e+03
1.011000000000000000e+03
1.017000000000000000e+03
9.910000000000000000e+02
9.780000000000000000e+02
9.570000000000000000e+02
9.560000000000000000e+02
9.670000000000000000e+02
1.021000000000000000e+03
1.081000000000000000e+03
1.094000000000000000e+03
1.111000000000000000e+03
1.137000000000000000e+03
1.155000000000000000e+03
1.096000000000000000e+03
1.137000000000000000e+03
1.174000000000000000e+03
1.181000000000000000e+03
1.183000000000000000e+03
1.191000000000000000e+03
1.236000000000000000e+03
1.248000000000000000e+03
1.237000000000000000e+03
1.238000000000000000e+03
1.252000000000000000e+03
