1.058000000000000000e+03
1.038000000000000000e+03
1.048000000000000000e+03
1.035000000000000000e+03
1.008000000000000000e+03
9.870000000000000000e+02
9.900000000000000000e+02
9.760000000000000000e+02
9.760000000000000000e+02
9.650000000000000000e+02
9.480000000000000000e+02
9.320000000000000000e+02
8.990000000000000000e+02
8.940000000000000000e+02
8.860000000000000000e+02
8.780000000000000000e+02
8.510000000000000000e+02
8.330000000000000000e+02
8.080000000000000000e+02
7.920000000000000000e+02
7.840000000000000000e+02
7.610000000000000000e+02
7.650000000000000000e+02
7.410000000000000000e+02
7.210000000000000000e+02
7.170000000000000000e+02
7.260000000000000000e+02
7.290000000000000000e+02
7.490000000000000000e+02
7.510000000000000000e+02
7.490000000000000000e+02
7.460000000000000000e+02
