1.011000000000000000e+03
9.940000000000000000e+02
9.690000000000000000e+02
9.760000000000000000e+02
9.940000000000000000e+02
1.038000000000000000e+03
1.091000000000000000e+03
1.107000000000000000e+03
1.128000000000000000e+03
1.157000000000000000e+03
1.169000000000000000e+03
1.188000000000000000e+03
1.218000000000000000e+03
1.251000000000000000e+03
1.256000000000000000e+03
1.248000000000000000e+03
1.254000000000000000e+03
1.292000000000000000e+03
1.311000000000000000e+03
1.293000000000000000e+03
1.278000000000000000e+03
1.270000000000000000e+03
1.268000000000000000e+03
1.261000000000000000e+03
1.280000000000000000e+03
1.277000000000000000e+03
1.275000000000000000e+03
1.277000000000000000e+03
1.267000000000000000e+03
1.304000000000000000e+03
1.330000000000000000e+03
1.317000000000000000e+03
