1.292000000000000000e+03
1.304000000000000000e+03
1.285000000000000000e+03
1.272000000000000000e+03
1.283000000000000000e+03
1.304000000000000000e+03
1.301000000000000000e+03
1.297000000000000000e+03
1.299000000000000000e+03
1.333000000000000000e+03
1.366000000000000000e+03
1.369000000000000000e+03
1.408000000000000000e+03
1.426000000000000000e+03
1.404000000000000000e+03
1.381000000000000000e+03
1.388000000000000000e+03
1.392000000000000000e+03
1.389000000000000000e+03
1.385000000000000000e+03
1.363000000000000000e+03
1.344000000000000000e+03
1.306000000000000000e+03
1.282000000000000000e+03
1.291000000000000000e+03
1.300000000000000000e+03
1.291000000000000000e+03
1.255000000000000000e+03
1.238000000000000000e+03
1.240000000000000000e+03
1.253000000000000000e+03
1.217000000000000000e+03
