1.378000000000000000e+03
1.399000000000000000e+03
1.396000000000000000e+03
1.396000000000000000e+03
1.428000000000000000e+03
1.430000000000000000e+03
1.450000000000000000e+03
1.449000000000000000e+03
1.418000000000000000e+03
1.395000000000000000e+03
1.406000000000000000e+03
1.395000000000000000e+03
1.406000000000000000e+03
1.390000000000000000e+03
1.371000000000000000e+03
1.367000000000000000e+03
1.405000000000000000e+03
1.399000000000000000e+03
1.400000000000000000e+03
1.392000000000000000e+03
1.431000000000000000e+03
1.417000000000000000e+03
1.386000000000000000e+03
1.408000000000000000e+03
1.356000000000000000e+03
1.344000000000000000e+03
1.318000000000000000e+03
1.294000000000000000e+03
1.270000000000000000e+03
1.260000000000000000e+03
1.199000000000000000e+03
1.195000000000000000e+03
