1.008000000000000000e+03
1.012000000000000000e+03
1.036000000000000000e+03
1.059000000000000000e+03
1.035000000000000000e+03
1.029000000000000000e+03
1.028000000000000000e+03
1.037000000000000000e+03
1.045000000000000000e+03
1.051000000000000000e+03
1.032000000000000000e+03
1.036000000000000000e+03
1.006000000000000000e+03
1.015000000000000000e+03
1.074000000000000000e+03
1.130000000000000000e+03
1.193000000000000000e+03
1.221000000000000000e+03
1.258000000000000000e+03
1.312000000000000000e+03
1.369000000000000000e+03
1.396000000000000000e+03
1.440000000000000000e+03
1.466000000000000000e+03
1.507000000000000000e+03
1.512000000000000000e+03
1.479000000000000000e+03
1.492000000000000000e+03
1.512000000000000000e+03
1.489000000000000000e+03
1.505000000000000000e+03
1.498000000000000000e+03
