1.173000000000000000e+03
1.165000000000000000e+03
1.149000000000000000e+03
1.120000000000000000e+03
1.110000000000000000e+03
1.080000000000000000e+03
1.057000000000000000e+03
1.042000000000000000e+03
1.045000000000000000e+03
1.005000000000000000e+03
9.900000000000000000e+02
9.860000000000000000e+02
9.770000000000000000e+02
9.810000000000000000e+02
9.690000000000000000e+02
9.350000000000000000e+02
9.540000000000000000e+02
9.480000000000000000e+02
9.710000000000000000e+02
9.590000000000000000e+02
9.490000000000000000e+02
9.350000000000000000e+02
9.450000000000000000e+02
9.320000000000000000e+02
9.310000000000000000e+02
9.290000000000000000e+02
9.070000000000000000e+02
9.010000000000000000e+02
8.770000000000000000e+02
8.780000000000000000e+02
9.070000000000000000e+02
9.140000000000000000e+02
