8.610000000000000000e+02
8.470000000000000000e+02
8.540000000000000000e+02
8.340000000000000000e+02
8.410000000000000000e+02
8.410000000000000000e+02
8.270000000000000000e+02
8.400000000000000000e+02
8.220000000000000000e+02
8.270000000000000000e+02
8.660000000000000000e+02
8.820000000000000000e+02
8.950000000000000000e+02
8.910000000000000000e+02
8.940000000000000000e+02
8.870000000000000000e+02
8.860000000000000000e+02
8.640000000000000000e+02
8.780000000000000000e+02
8.950000000000000000e+02
8.770000000000000000e+02
8.640000000000000000e+02
8.740000000000000000e+02
8.470000000000000000e+02
8.170000000000000000e+02
8.400000000000000000e+02
8.580000000000000000e+02
8.560000000000000000e+02
8.420000000000000000e+02
8.550000000000000000e+02
8.490000000000000000e+02
8.570000000000000000e+02
