1.481000000000000000e+03
1.493000000000000000e+03
1.486000000000000000e+03
1.517000000000000000e+03
1.493000000000000000e+03
1.509000000000000000e+03
1.492000000000000000e+03
1.509000000000000000e+03
1.511000000000000000e+03
1.495000000000000000e+03
1.481000000000000000e+03
1.477000000000000000e+03
1.486000000000000000e+03
1.461000000000000000e+03
1.460000000000000000e+03
1.444000000000000000e+03
1.425000000000000000e+03
1.445000000000000000e+03
1.474000000000000000e+03
1.469000000000000000e+03
1.489000000000000000e+03
1.474000000000000000e+03
1.482000000000000000e+03
1.497000000000000000e+03
1.531000000000000000e+03
1.530000000000000000e+03
1.554000000000000000e+03
1.546000000000000000e+03
1.529000000000000000e+03
1.521000000000000000e+03
1.503000000000000000e+03
1.469000000000000000e+03
