3.660000000000000000e+02
4.010000000000000000e+02
4.080000000000000000e+02
4.360000000000000000e+02
4.500000000000000000e+02
4.550000000000000000e+02
4.730000000000000000e+02
5.000000000000000000e+02
5.050000000000000000e+02
5.150000000000000000e+02
5.120000000000000000e+02
5.240000000000000000e+02
5.240000000000000000e+02
5.390000000000000000e+02
5.550000000000000000e+02
5.700000000000000000e+02
5.580000000000000000e+02
5.620000000000000000e+02
5.750000000000000000e+02
6.000000000000000000e+02
5.990000000000000000e+02
6.230000000000000000e+02
6.340000000000000000e+02
6.350000000000000000e+02
6.320000000000000000e+02
6.360000000000000000e+02
6.670000000000000000e+02
6.810000000000000000e+02
7.030000000000000000e+02
6.920000000000000000e+02
6.910000000000000000e+02
6.930000000000000000e+02
