1.336000000000000000e+03
1.378000000000000000e+03
1.419000000000000000e+03
1.437000000000000000e+03
1.455000000000000000e+03
1.467000000000000000e+03
1.448000000000000000e+03
1.468000000000000000e+03
1.508000000000000000e+03
1.505000000000000000e+03
1.527000000000000000e+03
1.512000000000000000e+03
1.514000000000000000e+03
1.533000000000000000e+03
1.536000000000000000e+03
1.519000000000000000e+03
1.536000000000000000e+03
1.519000000000000000e+03
1.535000000000000000e+03
1.546000000000000000e+03
1.545000000000000000e+03
1.568000000000000000e+03
1.540000000000000000e+03
1.575000000000000000e+03
1.541000000000000000e+03
1.569000000000000000e+03
1.568000000000000000e+03
1.583000000000000000e+03
1.586000000000000000e+03
1.548000000000000000e+03
1.530000000000000000e+03
1.515000000000000000e+03
