1.474000000000000000e+03
1.462000000000000000e+03
1.457000000000000000e+03
1.414000000000000000e+03
1.417000000000000000e+03
1.390000000000000000e+03
1.387000000000000000e+03
1.387000000000000000e+03
1.404000000000000000e+03
1.403000000000000000e+03
1.415000000000000000e+03
1.422000000000000000e+03
1.442000000000000000e+03
1.430000000000000000e+03
1.488000000000000000e+03
1.466000000000000000e+03
1.486000000000000000e+03
1.484000000000000000e+03
1.470000000000000000e+03
1.466000000000000000e+03
1.454000000000000000e+03
1.413000000000000000e+03
1.431000000000000000e+03
1.404000000000000000e+03
1.377000000000000000e+03
1.377000000000000000e+03
1.371000000000000000e+03
1.350000000000000000e+03
1.377000000000000000e+03
1.369000000000000000e+03
1.411000000000000000e+03
1.415000000000000000e+03
