2.238000000000000000e+03
2.278000000000000000e+03
2.296000000000000000e+03
2.337000000000000000e+03
2.379000000000000000e+03
2.402000000000000000e+03
2.434000000000000000e+03
2.470000000000000000e+03
2.526000000000000000e+03
2.552000000000000000e+03
2.564000000000000000e+03
2.600000000000000000e+03
2.638000000000000000e+03
2.669000000000000000e+03
2.710000000000000000e+03
2.731000000000000000e+03
2.757000000000000000e+03
2.810000000000000000e+03
2.835000000000000000e+03
2.899000000000000000e+03
2.937000000000000000e+03
3.028000000000000000e+03
3.101000000000000000e+03
3.106000000000000000e+03
3.113000000000000000e+03
3.146000000000000000e+03
3.156000000000000000e+03
3.165000000000000000e+03
3.175000000000000000e+03
3.219000000000000000e+03
3.237000000000000000e+03
3.270000000000000000e+03
