9.970000000000000000e+02
9.870000000000000000e+02
9.970000000000000000e+02
9.800000000000000000e+02
9.860000000000000000e+02
9.850000000000000000e+02
9.750000000000000000e+02
9.710000000000000000e+02
9.460000000000000000e+02
9.720000000000000000e+02
1.000000000000000000e+03
1.014000000000000000e+03
1.053000000000000000e+03
1.079000000000000000e+03
1.049000000000000000e+03
1.040000000000000000e+03
1.032000000000000000e+03
1.046000000000000000e+03
1.053000000000000000e+03
1.042000000000000000e+03
1.011000000000000000e+03
1.008000000000000000e+03
9.700000000000000000e+02
9.720000000000000000e+02
1.034000000000000000e+03
1.083000000000000000e+03
1.152000000000000000e+03
1.179000000000000000e+03
1.214000000000000000e+03
1.253000000000000000e+03
1.316000000000000000e+03
1.331000000000000000e+03
