1.452000000000000000e+03
1.418000000000000000e+03
1.394000000000000000e+03
1.368000000000000000e+03
1.364000000000000000e+03
1.368000000000000000e+03
1.366000000000000000e+03
1.329000000000000000e+03
1.319000000000000000e+03
1.305000000000000000e+03
1.285000000000000000e+03
1.287000000000000000e+03
1.258000000000000000e+03
1.251000000000000000e+03
1.228000000000000000e+03
1.216000000000000000e+03
1.201000000000000000e+03
1.184000000000000000e+03
1.166000000000000000e+03
1.170000000000000000e+03
1.161000000000000000e+03
1.157000000000000000e+03
1.189000000000000000e+03
1.222000000000000000e+03
1.237000000000000000e+03
1.241000000000000000e+03
1.238000000000000000e+03
1.244000000000000000e+03
1.263000000000000000e+03
1.257000000000000000e+03
1.276000000000000000e+03
1.280000000000000000e+03
