1.545000000000000000e+03
1.564000000000000000e+03
1.562000000000000000e+03
1.616000000000000000e+03
1.617000000000000000e+03
1.590000000000000000e+03
1.613000000000000000e+03
1.618000000000000000e+03
1.604000000000000000e+03
1.566000000000000000e+03
1.565000000000000000e+03
1.548000000000000000e+03
1.537000000000000000e+03
1.513000000000000000e+03
1.485000000000000000e+03
1.500000000000000000e+03
1.452000000000000000e+03
1.456000000000000000e+03
1.451000000000000000e+03
1.462000000000000000e+03
1.429000000000000000e+03
1.396000000000000000e+03
1.377000000000000000e+03
1.386000000000000000e+03
1.390000000000000000e+03
1.392000000000000000e+03
1.383000000000000000e+03
1.363000000000000000e+03
1.366000000000000000e+03
1.358000000000000000e+03
1.346000000000000000e+03
1.340000000000000000e+03
