8.740000000000000000e+02
8.340000000000000000e+02
7.940000000000000000e+02
7.860000000000000000e+02
7.640000000000000000e+02
7.760000000000000000e+02
7.510000000000000000e+02
7.270000000000000000e+02
7.150000000000000000e+02
7.210000000000000000e+02
7.210000000000000000e+02
7.120000000000000000e+02
6.950000000000000000e+02
6.800000000000000000e+02
6.590000000000000000e+02
6.570000000000000000e+02
6.420000000000000000e+02
6.530000000000000000e+02
6.470000000000000000e+02
6.290000000000000000e+02
6.120000000000000000e+02
6.040000000000000000e+02
6.050000000000000000e+02
5.880000000000000000e+02
5.870000000000000000e+02
5.900000000000000000e+02
5.920000000000000000e+02
5.810000000000000000e+02
5.840000000000000000e+02
6.050000000000000000e+02
6.300000000000000000e+02
6.500000000000000000e+02
