2.664000000000000000e+03
2.586000000000000000e+03
2.502000000000000000e+03
2.471000000000000000e+03
2.395000000000000000e+03
2.381000000000000000e+03
2.358000000000000000e+03
2.345000000000000000e+03
2.318000000000000000e+03
2.277000000000000000e+03
2.236000000000000000e+03
2.177000000000000000e+03
2.122000000000000000e+03
2.084000000000000000e+03
2.041000000000000000e+03
2.024000000000000000e+03
1.984000000000000000e+03
1.963000000000000000e+03
1.921000000000000000e+03
1.916000000000000000e+03
1.924000000000000000e+03
1.928000000000000000e+03
1.938000000000000000e+03
1.926000000000000000e+03
1.927000000000000000e+03
1.941000000000000000e+03
1.942000000000000000e+03
1.993000000000000000e+03
2.005000000000000000e+03
2.019000000000000000e+03
2.053000000000000000e+03
2.044000000000000000e+03
