1.250000000000000000e+02
1.270000000000000000e+02
1.410000000000000000e+02
1.400000000000000000e+02
1.400000000000000000e+02
1.410000000000000000e+02
1.350000000000000000e+02
1.300000000000000000e+02
1.270000000000000000e+02
1.210000000000000000e+02
1.150000000000000000e+02
9.800000000000000000e+01
8.300000000000000000e+01
8.400000000000000000e+01
9.500000000000000000e+01
1.020000000000000000e+02
1.190000000000000000e+02
1.340000000000000000e+02
1.460000000000000000e+02
1.710000000000000000e+02
1.870000000000000000e+02
1.820000000000000000e+02
2.020000000000000000e+02
2.120000000000000000e+02
2.260000000000000000e+02
2.530000000000000000e+02
2.530000000000000000e+02
2.600000000000000000e+02
2.520000000000000000e+02
2.590000000000000000e+02
2.640000000000000000e+02
2.620000000000000000e+02
