9.840000000000000000e+02
9.760000000000000000e+02
9.910000000000000000e+02
9.980000000000000000e+02
9.710000000000000000e+02
9.290000000000000000e+02
9.020000000000000000e+02
8.800000000000000000e+02
8.920000000000000000e+02
8.920000000000000000e+02
9.260000000000000000e+02
9.850000000000000000e+02
1.028000000000000000e+03
1.057000000000000000e+03
1.119000000000000000e+03
1.220000000000000000e+03
1.295000000000000000e+03
1.351000000000000000e+03
1.392000000000000000e+03
1.435000000000000000e+03
1.476000000000000000e+03
1.461000000000000000e+03
1.475000000000000000e+03
1.515000000000000000e+03
1.525000000000000000e+03
1.501000000000000000e+03
1.523000000000000000e+03
1.518000000000000000e+03
1.510000000000000000e+03
1.496000000000000000e+03
1.503000000000000000e+03
1.496000000000000000e+03
