9.570000000000000000e+02
9.570000000000000000e+02
9.370000000000000000e+02
9.290000000000000000e+02
9.260000000000000000e+02
9.070000000000000000e+02
8.970000000000000000e+02
9.220000000000000000e+02
9.300000000000000000e+02
9.630000000000000000e+02
9.430000000000000000e+02
9.410000000000000000e+02
9.430000000000000000e+02
9.530000000000000000e+02
9.210000000000000000e+02
9.000000000000000000e+02
8.760000000000000000e+02
8.550000000000000000e+02
8.600000000000000000e+02
8.780000000000000000e+02
9.080000000000000000e+02
9.560000000000000000e+02
1.004000000000000000e+03
1.044000000000000000e+03
1.094000000000000000e+03
1.198000000000000000e+03
1.259000000000000000e+03
1.315000000000000000e+03
1.342000000000000000e+03
1.389000000000000000e+03
1.433000000000000000e+03
1.440000000000000000e+03
