1.265000000000000000e+03
1.240000000000000000e+03
1.199000000000000000e+03
1.214000000000000000e+03
1.213000000000000000e+03
1.201000000000000000e+03
1.174000000000000000e+03
1.188000000000000000e+03
1.162000000000000000e+03
1.179000000000000000e+03
1.164000000000000000e+03
1.186000000000000000e+03
1.205000000000000000e+03
1.232000000000000000e+03
1.251000000000000000e+03
1.258000000000000000e+03
1.259000000000000000e+03
1.249000000000000000e+03
1.262000000000000000e+03
1.255000000000000000e+03
1.247000000000000000e+03
1.254000000000000000e+03
1.288000000000000000e+03
1.336000000000000000e+03
1.370000000000000000e+03
1.364000000000000000e+03
1.370000000000000000e+03
1.359000000000000000e+03
1.371000000000000000e+03
1.379000000000000000e+03
1.410000000000000000e+03
1.420000000000000000e+03
