1.583000000000000000e+03
1.567000000000000000e+03
1.548000000000000000e+03
1.543000000000000000e+03
1.521000000000000000e+03
1.531000000000000000e+03
1.482000000000000000e+03
1.478000000000000000e+03
1.473000000000000000e+03
1.488000000000000000e+03
1.439000000000000000e+03
1.407000000000000000e+03
1.396000000000000000e+03
1.381000000000000000e+03
1.393000000000000000e+03
1.382000000000000000e+03
1.381000000000000000e+03
1.357000000000000000e+03
1.330000000000000000e+03
1.308000000000000000e+03
1.319000000000000000e+03
1.287000000000000000e+03
1.269000000000000000e+03
1.281000000000000000e+03
1.251000000000000000e+03
1.223000000000000000e+03
1.215000000000000000e+03
1.217000000000000000e+03
1.188000000000000000e+03
1.182000000000000000e+03
1.197000000000000000e+03
1.207000000000000000e+03
