1.253000000000000000e+03
1.261000000000000000e+03
1.279000000000000000e+03
1.303000000000000000e+03
1.328000000000000000e+03
1.316000000000000000e+03
1.313000000000000000e+03
1.325000000000000000e+03
1.348000000000000000e+03
1.335000000000000000e+03
1.307000000000000000e+03
1.306000000000000000e+03
1.298000000000000000e+03
1.276000000000000000e+03
1.236000000000000000e+03
1.217000000000000000e+03
1.178000000000000000e+03
1.160000000000000000e+03
1.128000000000000000e+03
1.116000000000000000e+03
1.106000000000000000e+03
1.105000000000000000e+03
1.107000000000000000e+03
1.087000000000000000e+03
1.180000000000000000e+03
1.143000000000000000e+03
1.118000000000000000e+03
1.081000000000000000e+03
1.054000000000000000e+03
1.014000000000000000e+03
1.041000000000000000e+03
9.950000000000000000e+02
