6.960000000000000000e+02
7.020000000000000000e+02
7.190000000000000000e+02
7.230000000000000000e+02
7.500000000000000000e+02
7.620000000000000000e+02
7.630000000000000000e+02
7.740000000000000000e+02
7.740000000000000000e+02
8.000000000000000000e+02
8.160000000000000000e+02
8.050000000000000000e+02
8.160000000000000000e+02
8.300000000000000000e+02
8.300000000000000000e+02
8.430000000000000000e+02
8.460000000000000000e+02
8.450000000000000000e+02
8.410000000000000000e+02
8.210000000000000000e+02
8.020000000000000000e+02
7.860000000000000000e+02
7.700000000000000000e+02
7.710000000000000000e+02
7.870000000000000000e+02
7.780000000000000000e+02
7.770000000000000000e+02
8.160000000000000000e+02
8.310000000000000000e+02
8.490000000000000000e+02
8.340000000000000000e+02
8.160000000000000000e+02
