1.990000000000000000e+02
1.810000000000000000e+02
1.580000000000000000e+02
1.570000000000000000e+02
1.690000000000000000e+02
1.730000000000000000e+02
2.060000000000000000e+02
2.240000000000000000e+02
2.380000000000000000e+02
2.600000000000000000e+02
2.750000000000000000e+02
3.200000000000000000e+02
3.430000000000000000e+02
3.670000000000000000e+02
3.690000000000000000e+02
3.780000000000000000e+02
3.890000000000000000e+02
4.040000000000000000e+02
4.220000000000000000e+02
4.210000000000000000e+02
4.280000000000000000e+02
4.080000000000000000e+02
4.450000000000000000e+02
4.460000000000000000e+02
4.760000000000000000e+02
5.040000000000000000e+02
4.970000000000000000e+02
5.230000000000000000e+02
5.250000000000000000e+02
5.280000000000000000e+02
5.400000000000000000e+02
5.170000000000000000e+02
