1.086000000000000000e+03
1.076000000000000000e+03
1.049000000000000000e+03
1.083000000000000000e+03
1.056000000000000000e+03
1.029000000000000000e+03
9.980000000000000000e+02
1.019000000000000000e+03
1.002000000000000000e+03
9.870000000000000000e+02
9.680000000000000000e+02
9.420000000000000000e+02
9.350000000000000000e+02
9.390000000000000000e+02
9.310000000000000000e+02
9.270000000000000000e+02
9.450000000000000000e+02
9.250000000000000000e+02
9.280000000000000000e+02
9.610000000000000000e+02
9.730000000000000000e+02
1.006000000000000000e+03
1.003000000000000000e+03
9.720000000000000000e+02
1.002000000000000000e+03
1.006000000000000000e+03
1.011000000000000000e+03
1.009000000000000000e+03
1.023000000000000000e+03
1.033000000000000000e+03
1.038000000000000000e+03
1.063000000000000000e+03
