1.549000000000000000e+03
1.524000000000000000e+03
1.516000000000000000e+03
1.496000000000000000e+03
1.478000000000000000e+03
1.426000000000000000e+03
1.445000000000000000e+03
1.416000000000000000e+03
1.398000000000000000e+03
1.393000000000000000e+03
1.398000000000000000e+03
1.413000000000000000e+03
1.437000000000000000e+03
1.493000000000000000e+03
1.507000000000000000e+03
1.521000000000000000e+03
1.558000000000000000e+03
1.606000000000000000e+03
1.641000000000000000e+03
1.697000000000000000e+03
1.765000000000000000e+03
1.738000000000000000e+03
1.716000000000000000e+03
1.749000000000000000e+03
1.767000000000000000e+03
1.795000000000000000e+03
1.787000000000000000e+03
1.778000000000000000e+03
1.785000000000000000e+03
1.831000000000000000e+03
1.791000000000000000e+03
1.800000000000000000e+03
