9.460000000000000000e+02
9.250000000000000000e+02
9.220000000000000000e+02
9.340000000000000000e+02
9.310000000000000000e+02
9.260000000000000000e+02
9.310000000000000000e+02
9.220000000000000000e+02
9.210000000000000000e+02
9.350000000000000000e+02
9.550000000000000000e+02
9.860000000000000000e+02
9.820000000000000000e+02
9.520000000000000000e+02
9.770000000000000000e+02
9.650000000000000000e+02
9.800000000000000000e+02
9.780000000000000000e+02
9.950000000000000000e+02
1.007000000000000000e+03
1.013000000000000000e+03
1.058000000000000000e+03
1.084000000000000000e+03
1.134000000000000000e+03
1.140000000000000000e+03
1.180000000000000000e+03
1.206000000000000000e+03
1.240000000000000000e+03
1.280000000000000000e+03
1.315000000000000000e+03
1.337000000000000000e+03
1.321000000000000000e+03
