5.390000000000000000e+02
5.650000000000000000e+02
5.930000000000000000e+02
6.350000000000000000e+02
6.290000000000000000e+02
6.270000000000000000e+02
6.290000000000000000e+02
6.490000000000000000e+02
6.420000000000000000e+02
6.440000000000000000e+02
6.630000000000000000e+02
6.630000000000000000e+02
6.540000000000000000e+02
6.520000000000000000e+02
6.730000000000000000e+02
6.900000000000000000e+02
6.840000000000000000e+02
6.880000000000000000e+02
6.900000000000000000e+02
6.980000000000000000e+02
6.770000000000000000e+02
6.780000000000000000e+02
6.730000000000000000e+02
6.820000000000000000e+02
6.670000000000000000e+02
6.480000000000000000e+02
6.530000000000000000e+02
6.420000000000000000e+02
6.500000000000000000e+02
6.430000000000000000e+02
6.350000000000000000e+02
6.600000000000000000e+02
