3.369000000000000000e+03
3.302000000000000000e+03
3.277000000000000000e+03
3.310000000000000000e+03
3.255000000000000000e+03
3.184000000000000000e+03
3.129000000000000000e+03
3.128000000000000000e+03
3.083000000000000000e+03
3.065000000000000000e+03
3.029000000000000000e+03
3.019000000000000000e+03
2.997000000000000000e+03
2.975000000000000000e+03
2.961000000000000000e+03
2.939000000000000000e+03
2.941000000000000000e+03
2.940000000000000000e+03
2.943000000000000000e+03
2.970000000000000000e+03
2.974000000000000000e+03
3.034000000000000000e+03
3.057000000000000000e+03
3.087000000000000000e+03
3.116000000000000000e+03
3.157000000000000000e+03
3.209000000000000000e+03
3.206000000000000000e+03
3.259000000000000000e+03
3.335000000000000000e+03
3.382000000000000000e+03
3.424000000000000000e+03
