1.407800000000000000e+04
1.400900000000000000e+04
1.400400000000000000e+04
1.418600000000000000e+04
1.429800000000000000e+04
1.434800000000000000e+04
1.442500000000000000e+04
1.448500000000000000e+04
1.454800000000000000e+04
1.458600000000000000e+04
1.459700000000000000e+04
1.461800000000000000e+04
1.468500000000000000e+04
1.467000000000000000e+04
1.469300000000000000e+04
1.468700000000000000e+04
1.470600000000000000e+04
1.476000000000000000e+04
1.484500000000000000e+04
1.497000000000000000e+04
1.524200000000000000e+04
1.512600000000000000e+04
1.509900000000000000e+04
1.525500000000000000e+04
1.521200000000000000e+04
1.527400000000000000e+04
1.527300000000000000e+04
1.524700000000000000e+04
1.513700000000000000e+04
1.506300000000000000e+04
1.500700000000000000e+04
1.498500000000000000e+04
