1.011000000000000000e+03
1.050000000000000000e+03
1.127000000000000000e+03
1.206000000000000000e+03
1.314000000000000000e+03
1.402000000000000000e+03
1.504000000000000000e+03
1.561000000000000000e+03
1.564000000000000000e+03
1.588000000000000000e+03
1.632000000000000000e+03
1.670000000000000000e+03
1.677000000000000000e+03
1.683000000000000000e+03
1.676000000000000000e+03
1.741000000000000000e+03
1.759000000000000000e+03
1.764000000000000000e+03
1.782000000000000000e+03
1.767000000000000000e+03
1.781000000000000000e+03
1.732000000000000000e+03
1.687000000000000000e+03
1.725000000000000000e+03
1.703000000000000000e+03
1.635000000000000000e+03
1.630000000000000000e+03
1.630000000000000000e+03
1.611000000000000000e+03
1.600000000000000000e+03
1.575000000000000000e+03
1.581000000000000000e+03
