4.090000000000000000e+02
4.080000000000000000e+02
4.250000000000000000e+02
4.500000000000000000e+02
4.630000000000000000e+02
4.490000000000000000e+02
4.450000000000000000e+02
4.190000000000000000e+02
3.960000000000000000e+02
3.870000000000000000e+02
3.590000000000000000e+02
3.350000000000000000e+02
3.250000000000000000e+02
3.470000000000000000e+02
3.720000000000000000e+02
3.810000000000000000e+02
4.190000000000000000e+02
4.490000000000000000e+02
4.940000000000000000e+02
5.460000000000000000e+02
5.900000000000000000e+02
6.480000000000000000e+02
6.910000000000000000e+02
6.920000000000000000e+02
7.030000000000000000e+02
7.130000000000000000e+02
7.360000000000000000e+02
7.560000000000000000e+02
7.680000000000000000e+02
7.940000000000000000e+02
8.360000000000000000e+02
8.510000000000000000e+02
