5.197000000000000000e+03
5.180000000000000000e+03
5.135000000000000000e+03
5.145000000000000000e+03
5.162000000000000000e+03
5.227000000000000000e+03
5.270000000000000000e+03
5.235000000000000000e+03
5.240000000000000000e+03
5.220000000000000000e+03
5.240000000000000000e+03
5.200000000000000000e+03
5.244000000000000000e+03
5.189000000000000000e+03
5.141000000000000000e+03
5.119000000000000000e+03
5.041000000000000000e+03
5.000000000000000000e+03
4.905000000000000000e+03
4.875000000000000000e+03
4.849000000000000000e+03
4.525000000000000000e+03
4.392000000000000000e+03
4.353000000000000000e+03
4.262000000000000000e+03
4.175000000000000000e+03
4.072000000000000000e+03
4.045000000000000000e+03
4.000000000000000000e+03
3.889000000000000000e+03
3.789000000000000000e+03
3.713000000000000000e+03
