9.700000000000000000e+01
1.110000000000000000e+02
1.180000000000000000e+02
1.220000000000000000e+02
1.310000000000000000e+02
1.290000000000000000e+02
1.280000000000000000e+02
1.270000000000000000e+02
1.260000000000000000e+02
1.320000000000000000e+02
1.490000000000000000e+02
1.600000000000000000e+02
1.710000000000000000e+02
1.790000000000000000e+02
1.730000000000000000e+02
1.760000000000000000e+02
1.740000000000000000e+02
1.630000000000000000e+02
1.550000000000000000e+02
1.420000000000000000e+02
1.310000000000000000e+02
1.290000000000000000e+02
1.310000000000000000e+02
1.410000000000000000e+02
1.480000000000000000e+02
1.570000000000000000e+02
1.730000000000000000e+02
1.780000000000000000e+02
2.010000000000000000e+02
2.250000000000000000e+02
2.320000000000000000e+02
2.570000000000000000e+02
