8.515000000000000000e+03
8.607000000000000000e+03
8.767000000000000000e+03
8.868000000000000000e+03
9.001000000000000000e+03
9.071000000000000000e+03
9.192000000000000000e+03
9.302000000000000000e+03
9.432000000000000000e+03
9.547000000000000000e+03
9.680000000000000000e+03
9.750000000000000000e+03
9.840000000000000000e+03
9.898000000000000000e+03
1.000900000000000000e+04
1.010800000000000000e+04
1.025700000000000000e+04
1.035200000000000000e+04
1.042700000000000000e+04
1.057400000000000000e+04
1.071000000000000000e+04
1.079500000000000000e+04
1.099600000000000000e+04
1.111200000000000000e+04
1.116300000000000000e+04
1.123400000000000000e+04
1.125700000000000000e+04
1.128400000000000000e+04
1.134400000000000000e+04
1.141700000000000000e+04
1.151800000000000000e+04
1.162300000000000000e+04
