4.055000000000000000e+03
3.969000000000000000e+03
3.913000000000000000e+03
3.857000000000000000e+03
3.807000000000000000e+03
3.767000000000000000e+03
3.704000000000000000e+03
3.622000000000000000e+03
3.556000000000000000e+03
3.522000000000000000e+03
3.409000000000000000e+03
3.359000000000000000e+03
3.293000000000000000e+03
3.243000000000000000e+03
3.147000000000000000e+03
3.091000000000000000e+03
3.046000000000000000e+03
3.036000000000000000e+03
3.011000000000000000e+03
2.976000000000000000e+03
3.008000000000000000e+03
2.974000000000000000e+03
2.945000000000000000e+03
2.925000000000000000e+03
2.947000000000000000e+03
2.962000000000000000e+03
2.948000000000000000e+03
2.952000000000000000e+03
2.949000000000000000e+03
2.970000000000000000e+03
2.977000000000000000e+03
3.019000000000000000e+03
