3.728000000000000000e+03
3.813000000000000000e+03
3.918000000000000000e+03
4.030000000000000000e+03
3.999000000000000000e+03
3.937000000000000000e+03
3.845000000000000000e+03
3.799000000000000000e+03
3.850000000000000000e+03
3.835000000000000000e+03
3.841000000000000000e+03
3.843000000000000000e+03
3.799000000000000000e+03
3.786000000000000000e+03
3.886000000000000000e+03
4.057000000000000000e+03
4.237000000000000000e+03
4.391000000000000000e+03
4.443000000000000000e+03
4.484000000000000000e+03
4.571000000000000000e+03
4.659000000000000000e+03
4.739000000000000000e+03
4.813000000000000000e+03
4.884000000000000000e+03
4.917000000000000000e+03
4.903000000000000000e+03
4.967000000000000000e+03
5.053000000000000000e+03
5.161000000000000000e+03
5.188000000000000000e+03
5.219000000000000000e+03
