3.338000000000000000e+03
3.298000000000000000e+03
3.247000000000000000e+03
3.207000000000000000e+03
3.124000000000000000e+03
3.066000000000000000e+03
3.009000000000000000e+03
2.987000000000000000e+03
2.954000000000000000e+03
2.929000000000000000e+03
2.956000000000000000e+03
2.923000000000000000e+03
2.906000000000000000e+03
2.864000000000000000e+03
2.882000000000000000e+03
2.881000000000000000e+03
2.894000000000000000e+03
2.895000000000000000e+03
2.903000000000000000e+03
2.955000000000000000e+03
2.971000000000000000e+03
3.007000000000000000e+03
3.077000000000000000e+03
3.125000000000000000e+03
3.218000000000000000e+03
3.240000000000000000e+03
3.328000000000000000e+03
3.333000000000000000e+03
3.361000000000000000e+03
3.413000000000000000e+03
3.419000000000000000e+03
3.409000000000000000e+03
