6.879500000000000000e+04
6.883900000000000000e+04
6.893100000000000000e+04
6.902900000000000000e+04
6.904800000000000000e+04
6.912600000000000000e+04
6.911800000000000000e+04
6.921400000000000000e+04
6.929200000000000000e+04
6.932900000000000000e+04
6.929500000000000000e+04
6.923900000000000000e+04
6.924800000000000000e+04
6.928000000000000000e+04
6.916200000000000000e+04
6.917100000000000000e+04
6.920500000000000000e+04
6.929600000000000000e+04
6.925900000000000000e+04
6.934600000000000000e+04
6.942400000000000000e+04
6.904600000000000000e+04
6.902900000000000000e+04
6.935300000000000000e+04
6.947200000000000000e+04
6.948100000000000000e+04
6.936900000000000000e+04
6.939900000000000000e+04
6.935400000000000000e+04
6.932100000000000000e+04
6.902800000000000000e+04
6.902900000000000000e+04
