5.638000000000000000e+03
5.676000000000000000e+03
5.672000000000000000e+03
5.593000000000000000e+03
5.561000000000000000e+03
5.514000000000000000e+03
5.428000000000000000e+03
5.395000000000000000e+03
5.402000000000000000e+03
5.322000000000000000e+03
5.230000000000000000e+03
5.216000000000000000e+03
5.255000000000000000e+03
5.261000000000000000e+03
5.270000000000000000e+03
5.186000000000000000e+03
5.237000000000000000e+03
5.237000000000000000e+03
5.206000000000000000e+03
5.213000000000000000e+03
5.225000000000000000e+03
5.196000000000000000e+03
5.183000000000000000e+03
5.193000000000000000e+03
5.202000000000000000e+03
5.288000000000000000e+03
5.294000000000000000e+03
5.264000000000000000e+03
5.219000000000000000e+03
5.178000000000000000e+03
5.185000000000000000e+03
5.171000000000000000e+03
