1.449000000000000000e+03
1.555000000000000000e+03
1.692000000000000000e+03
1.730000000000000000e+03
1.757000000000000000e+03
1.815000000000000000e+03
1.863000000000000000e+03
1.925000000000000000e+03
1.948000000000000000e+03
1.979000000000000000e+03
2.011000000000000000e+03
2.016000000000000000e+03
2.047000000000000000e+03
2.102000000000000000e+03
2.119000000000000000e+03
2.164000000000000000e+03
2.189000000000000000e+03
2.231000000000000000e+03
2.262000000000000000e+03
2.291000000000000000e+03
2.325000000000000000e+03
2.326000000000000000e+03
2.358000000000000000e+03
2.321000000000000000e+03
2.374000000000000000e+03
2.393000000000000000e+03
2.381000000000000000e+03
2.364000000000000000e+03
2.397000000000000000e+03
2.398000000000000000e+03
2.413000000000000000e+03
2.413000000000000000e+03
