5.364000000000000000e+03
5.406000000000000000e+03
5.388000000000000000e+03
5.451000000000000000e+03
5.451000000000000000e+03
5.463000000000000000e+03
5.507000000000000000e+03
5.498000000000000000e+03
5.521000000000000000e+03
5.543000000000000000e+03
5.540000000000000000e+03
5.524000000000000000e+03
5.560000000000000000e+03
5.595000000000000000e+03
5.536000000000000000e+03
5.579000000000000000e+03
5.580000000000000000e+03
5.610000000000000000e+03
5.602000000000000000e+03
5.616000000000000000e+03
5.636000000000000000e+03
5.678000000000000000e+03
5.690000000000000000e+03
5.664000000000000000e+03
5.638000000000000000e+03
5.570000000000000000e+03
5.452000000000000000e+03
5.444000000000000000e+03
5.438000000000000000e+03
5.382000000000000000e+03
5.263000000000000000e+03
5.227000000000000000e+03
