8.320000000000000000e+02
8.320000000000000000e+02
8.460000000000000000e+02
8.390000000000000000e+02
8.270000000000000000e+02
7.940000000000000000e+02
7.740000000000000000e+02
7.590000000000000000e+02
7.430000000000000000e+02
7.420000000000000000e+02
7.330000000000000000e+02
7.370000000000000000e+02
7.270000000000000000e+02
7.230000000000000000e+02
7.300000000000000000e+02
7.370000000000000000e+02
7.240000000000000000e+02
7.390000000000000000e+02
7.440000000000000000e+02
7.490000000000000000e+02
7.730000000000000000e+02
7.730000000000000000e+02
7.800000000000000000e+02
8.050000000000000000e+02
8.000000000000000000e+02
7.800000000000000000e+02
7.710000000000000000e+02
7.550000000000000000e+02
7.620000000000000000e+02
7.630000000000000000e+02
7.680000000000000000e+02
7.710000000000000000e+02
