7.890000000000000000e+02
7.950000000000000000e+02
7.850000000000000000e+02
7.890000000000000000e+02
7.990000000000000000e+02
8.080000000000000000e+02
7.980000000000000000e+02
8.030000000000000000e+02
8.050000000000000000e+02
8.030000000000000000e+02
8.230000000000000000e+02
8.310000000000000000e+02
8.430000000000000000e+02
8.690000000000000000e+02
8.660000000000000000e+02
8.470000000000000000e+02
8.330000000000000000e+02
8.280000000000000000e+02
8.310000000000000000e+02
8.360000000000000000e+02
8.330000000000000000e+02
8.350000000000000000e+02
8.420000000000000000e+02
8.590000000000000000e+02
8.800000000000000000e+02
9.140000000000000000e+02
9.380000000000000000e+02
9.680000000000000000e+02
1.001000000000000000e+03
1.016000000000000000e+03
1.039000000000000000e+03
1.068000000000000000e+03
