8.970000000000000000e+02
8.990000000000000000e+02
9.100000000000000000e+02
9.340000000000000000e+02
9.220000000000000000e+02
9.010000000000000000e+02
8.830000000000000000e+02
8.830000000000000000e+02
8.760000000000000000e+02
8.820000000000000000e+02
8.790000000000000000e+02
8.870000000000000000e+02
8.960000000000000000e+02
9.180000000000000000e+02
9.490000000000000000e+02
9.840000000000000000e+02
1.013000000000000000e+03
1.034000000000000000e+03
1.072000000000000000e+03
1.088000000000000000e+03
1.121000000000000000e+03
1.130000000000000000e+03
1.196000000000000000e+03
1.203000000000000000e+03
1.214000000000000000e+03
1.225000000000000000e+03
1.262000000000000000e+03
1.267000000000000000e+03
1.279000000000000000e+03
1.319000000000000000e+03
1.331000000000000000e+03
1.355000000000000000e+03
