1.456000000000000000e+03
1.483000000000000000e+03
1.446000000000000000e+03
1.443000000000000000e+03
1.434000000000000000e+03
1.414000000000000000e+03
1.398000000000000000e+03
1.377000000000000000e+03
1.353000000000000000e+03
1.331000000000000000e+03
1.324000000000000000e+03
1.262000000000000000e+03
1.250000000000000000e+03
1.262000000000000000e+03
1.286000000000000000e+03
1.286000000000000000e+03
1.286000000000000000e+03
1.312000000000000000e+03
1.317000000000000000e+03
1.335000000000000000e+03
1.306000000000000000e+03
1.325000000000000000e+03
1.311000000000000000e+03
1.293000000000000000e+03
1.273000000000000000e+03
1.243000000000000000e+03
1.230000000000000000e+03
1.198000000000000000e+03
1.192000000000000000e+03
1.147000000000000000e+03
1.151000000000000000e+03
1.150000000000000000e+03
