9.960000000000000000e+02
9.750000000000000000e+02
9.850000000000000000e+02
9.590000000000000000e+02
9.390000000000000000e+02
9.250000000000000000e+02
8.930000000000000000e+02
8.650000000000000000e+02
8.390000000000000000e+02
8.240000000000000000e+02
8.040000000000000000e+02
7.970000000000000000e+02
7.730000000000000000e+02
7.680000000000000000e+02
7.460000000000000000e+02
7.480000000000000000e+02
7.550000000000000000e+02
7.540000000000000000e+02
7.490000000000000000e+02
7.520000000000000000e+02
7.590000000000000000e+02
7.610000000000000000e+02
7.680000000000000000e+02
7.800000000000000000e+02
7.710000000000000000e+02
7.690000000000000000e+02
7.550000000000000000e+02
7.540000000000000000e+02
7.720000000000000000e+02
7.640000000000000000e+02
7.620000000000000000e+02
7.560000000000000000e+02
