1.246000000000000000e+03
1.267000000000000000e+03
1.281000000000000000e+03
1.262000000000000000e+03
1.229000000000000000e+03
1.258000000000000000e+03
1.255000000000000000e+03
1.273000000000000000e+03
1.300000000000000000e+03
1.323000000000000000e+03
1.356000000000000000e+03
1.332000000000000000e+03
1.339000000000000000e+03
1.363000000000000000e+03
1.387000000000000000e+03
1.377000000000000000e+03
1.375000000000000000e+03
1.388000000000000000e+03
1.365000000000000000e+03
1.361000000000000000e+03
1.310000000000000000e+03
1.242000000000000000e+03
1.216000000000000000e+03
1.199000000000000000e+03
1.172000000000000000e+03
1.160000000000000000e+03
1.157000000000000000e+03
1.150000000000000000e+03
1.128000000000000000e+03
1.083000000000000000e+03
1.115000000000000000e+03
1.100000000000000000e+03
