5.350000000000000000e+02
5.560000000000000000e+02
5.620000000000000000e+02
5.710000000000000000e+02
6.010000000000000000e+02
6.220000000000000000e+02
6.510000000000000000e+02
6.810000000000000000e+02
7.010000000000000000e+02
7.040000000000000000e+02
7.160000000000000000e+02
7.020000000000000000e+02
7.270000000000000000e+02
7.240000000000000000e+02
7.200000000000000000e+02
7.050000000000000000e+02
6.880000000000000000e+02
6.800000000000000000e+02
6.620000000000000000e+02
6.570000000000000000e+02
6.460000000000000000e+02
6.440000000000000000e+02
6.320000000000000000e+02
6.390000000000000000e+02
6.510000000000000000e+02
6.620000000000000000e+02
6.580000000000000000e+02
6.770000000000000000e+02
6.740000000000000000e+02
6.820000000000000000e+02
7.040000000000000000e+02
6.970000000000000000e+02
