2.496000000000000000e+03
2.521000000000000000e+03
2.559000000000000000e+03
2.572000000000000000e+03
2.576000000000000000e+03
2.569000000000000000e+03
2.578000000000000000e+03
2.538000000000000000e+03
2.508000000000000000e+03
2.503000000000000000e+03
2.499000000000000000e+03
2.423000000000000000e+03
2.403000000000000000e+03
2.365000000000000000e+03
2.319000000000000000e+03
2.251000000000000000e+03
2.227000000000000000e+03
2.196000000000000000e+03
2.178000000000000000e+03
2.180000000000000000e+03
2.172000000000000000e+03
2.129000000000000000e+03
2.112000000000000000e+03
2.107000000000000000e+03
2.122000000000000000e+03
2.116000000000000000e+03
2.106000000000000000e+03
2.043000000000000000e+03
2.009000000000000000e+03
1.967000000000000000e+03
1.890000000000000000e+03
1.877000000000000000e+03
