2.482000000000000000e+03
2.418000000000000000e+03
2.382000000000000000e+03
2.353000000000000000e+03
2.303000000000000000e+03
2.235000000000000000e+03
2.197000000000000000e+03
2.152000000000000000e+03
2.153000000000000000e+03
2.148000000000000000e+03
2.152000000000000000e+03
2.155000000000000000e+03
2.138000000000000000e+03
2.136000000000000000e+03
2.168000000000000000e+03
2.176000000000000000e+03
2.155000000000000000e+03
2.122000000000000000e+03
2.102000000000000000e+03
2.053000000000000000e+03
2.011000000000000000e+03
2.006000000000000000e+03
1.923000000000000000e+03
1.867000000000000000e+03
1.825000000000000000e+03
1.811000000000000000e+03
1.752000000000000000e+03
1.775000000000000000e+03
1.720000000000000000e+03
1.731000000000000000e+03
1.657000000000000000e+03
1.622000000000000000e+03
