1.371000000000000000e+03
1.411000000000000000e+03
1.428000000000000000e+03
1.466000000000000000e+03
1.489000000000000000e+03
1.519000000000000000e+03
1.545000000000000000e+03
1.568000000000000000e+03
1.586000000000000000e+03
1.664000000000000000e+03
1.694000000000000000e+03
1.680000000000000000e+03
1.681000000000000000e+03
1.698000000000000000e+03
1.715000000000000000e+03
1.697000000000000000e+03
1.673000000000000000e+03
1.660000000000000000e+03
1.664000000000000000e+03
1.643000000000000000e+03
1.640000000000000000e+03
1.628000000000000000e+03
1.631000000000000000e+03
1.647000000000000000e+03
1.667000000000000000e+03
1.691000000000000000e+03
1.702000000000000000e+03
1.727000000000000000e+03
1.731000000000000000e+03
1.732000000000000000e+03
1.727000000000000000e+03
1.734000000000000000e+03
