3.418200000000000000e+04
3.427100000000000000e+04
3.424400000000000000e+04
3.437300000000000000e+04
3.438800000000000000e+04
3.441600000000000000e+04
3.448600000000000000e+04
3.454200000000000000e+04
3.459100000000000000e+04
3.465200000000000000e+04
3.465800000000000000e+04
3.463300000000000000e+04
3.464500000000000000e+04
3.470000000000000000e+04
3.476100000000000000e+04
3.484300000000000000e+04
3.481300000000000000e+04
3.489100000000000000e+04
3.494200000000000000e+04
3.496900000000000000e+04
3.495000000000000000e+04
3.490300000000000000e+04
3.496700000000000000e+04
3.498700000000000000e+04
3.514400000000000000e+04
3.516600000000000000e+04
3.517200000000000000e+04
3.520700000000000000e+04
3.519900000000000000e+04
3.521100000000000000e+04
3.512100000000000000e+04
3.509800000000000000e+04
