1.000000000000000000e+02
1.120000000000000000e+02
1.020000000000000000e+02
9.600000000000000000e+01
1.030000000000000000e+02
1.110000000000000000e+02
1.070000000000000000e+02
1.150000000000000000e+02
1.060000000000000000e+02
1.170000000000000000e+02
1.330000000000000000e+02
1.240000000000000000e+02
1.380000000000000000e+02
1.410000000000000000e+02
1.440000000000000000e+02
1.500000000000000000e+02
1.410000000000000000e+02
1.300000000000000000e+02
1.210000000000000000e+02
1.180000000000000000e+02
1.140000000000000000e+02
1.090000000000000000e+02
1.020000000000000000e+02
1.050000000000000000e+02
1.240000000000000000e+02
1.350000000000000000e+02
1.470000000000000000e+02
1.510000000000000000e+02
1.700000000000000000e+02
1.810000000000000000e+02
1.950000000000000000e+02
1.790000000000000000e+02
