5.755000000000000000e+03
5.711000000000000000e+03
5.650000000000000000e+03
5.620000000000000000e+03
5.589000000000000000e+03
5.552000000000000000e+03
5.506000000000000000e+03
5.461000000000000000e+03
5.395000000000000000e+03
5.331000000000000000e+03
5.244000000000000000e+03
5.163000000000000000e+03
5.108000000000000000e+03
5.068000000000000000e+03
5.035000000000000000e+03
4.986000000000000000e+03
4.903000000000000000e+03
4.912000000000000000e+03
4.914000000000000000e+03
4.886000000000000000e+03
4.866000000000000000e+03
4.848000000000000000e+03
4.900000000000000000e+03
4.875000000000000000e+03
4.925000000000000000e+03
4.913000000000000000e+03
4.940000000000000000e+03
4.971000000000000000e+03
4.993000000000000000e+03
4.988000000000000000e+03
5.024000000000000000e+03
5.063000000000000000e+03
