2.337700000000000000e+04
2.346700000000000000e+04
2.345300000000000000e+04
2.353400000000000000e+04
2.351400000000000000e+04
2.352700000000000000e+04
2.357700000000000000e+04
2.361200000000000000e+04
2.363700000000000000e+04
2.367900000000000000e+04
2.370400000000000000e+04
2.373300000000000000e+04
2.372500000000000000e+04
2.371900000000000000e+04
2.374800000000000000e+04
2.379200000000000000e+04
2.375700000000000000e+04
2.372700000000000000e+04
2.369600000000000000e+04
2.368500000000000000e+04
2.366700000000000000e+04
2.360100000000000000e+04
2.354500000000000000e+04
2.351000000000000000e+04
2.357400000000000000e+04
2.358400000000000000e+04
2.358000000000000000e+04
2.353700000000000000e+04
2.339700000000000000e+04
2.334400000000000000e+04
2.315200000000000000e+04
2.305300000000000000e+04
