8.750000000000000000e+02
9.260000000000000000e+02
9.740000000000000000e+02
1.008000000000000000e+03
1.026000000000000000e+03
1.070000000000000000e+03
1.087000000000000000e+03
1.118000000000000000e+03
1.144000000000000000e+03
1.158000000000000000e+03
1.165000000000000000e+03
1.200000000000000000e+03
1.215000000000000000e+03
1.250000000000000000e+03
1.262000000000000000e+03
1.282000000000000000e+03
1.320000000000000000e+03
1.359000000000000000e+03
1.384000000000000000e+03
1.421000000000000000e+03
1.433000000000000000e+03
1.424000000000000000e+03
1.419000000000000000e+03
1.425000000000000000e+03
1.456000000000000000e+03
1.444000000000000000e+03
1.435000000000000000e+03
1.445000000000000000e+03
1.453000000000000000e+03
1.440000000000000000e+03
1.440000000000000000e+03
1.427000000000000000e+03
