2.489000000000000000e+03
2.492000000000000000e+03
2.480000000000000000e+03
2.475000000000000000e+03
2.463000000000000000e+03
2.405000000000000000e+03
2.432000000000000000e+03
2.423000000000000000e+03
2.417000000000000000e+03
2.406000000000000000e+03
2.421000000000000000e+03
2.441000000000000000e+03
2.421000000000000000e+03
2.438000000000000000e+03
2.467000000000000000e+03
2.492000000000000000e+03
2.497000000000000000e+03
2.533000000000000000e+03
2.566000000000000000e+03
2.576000000000000000e+03
2.567000000000000000e+03
2.601000000000000000e+03
2.610000000000000000e+03
2.622000000000000000e+03
2.666000000000000000e+03
2.672000000000000000e+03
2.650000000000000000e+03
2.612000000000000000e+03
2.558000000000000000e+03
2.524000000000000000e+03
2.524000000000000000e+03
2.451000000000000000e+03
