2.455000000000000000e+03
2.446000000000000000e+03
2.473000000000000000e+03
2.481000000000000000e+03
2.493000000000000000e+03
2.508000000000000000e+03
2.501000000000000000e+03
2.526000000000000000e+03
2.512000000000000000e+03
2.538000000000000000e+03
2.544000000000000000e+03
2.531000000000000000e+03
2.514000000000000000e+03
2.488000000000000000e+03
2.471000000000000000e+03
2.427000000000000000e+03
2.445000000000000000e+03
2.441000000000000000e+03
2.443000000000000000e+03
2.414000000000000000e+03
2.432000000000000000e+03
2.421000000000000000e+03
2.436000000000000000e+03
2.454000000000000000e+03
2.454000000000000000e+03
2.490000000000000000e+03
2.513000000000000000e+03
2.544000000000000000e+03
2.568000000000000000e+03
2.563000000000000000e+03
2.538000000000000000e+03
2.579000000000000000e+03
