2.364000000000000000e+03
2.398000000000000000e+03
2.375000000000000000e+03
2.393000000000000000e+03
2.420000000000000000e+03
2.446000000000000000e+03
2.472000000000000000e+03
2.531000000000000000e+03
2.568000000000000000e+03
2.575000000000000000e+03
2.568000000000000000e+03
2.594000000000000000e+03
2.589000000000000000e+03
2.592000000000000000e+03
2.587000000000000000e+03
2.599000000000000000e+03
2.591000000000000000e+03
2.573000000000000000e+03
2.543000000000000000e+03
2.529000000000000000e+03
2.522000000000000000e+03
2.441000000000000000e+03
2.431000000000000000e+03
2.395000000000000000e+03
2.397000000000000000e+03
2.305000000000000000e+03
2.265000000000000000e+03
2.250000000000000000e+03
2.219000000000000000e+03
2.212000000000000000e+03
2.203000000000000000e+03
2.175000000000000000e+03
