2.112000000000000000e+03
2.131000000000000000e+03
2.110000000000000000e+03
2.128000000000000000e+03
2.140000000000000000e+03
2.153000000000000000e+03
2.141000000000000000e+03
2.105000000000000000e+03
2.080000000000000000e+03
2.030000000000000000e+03
1.976000000000000000e+03
1.968000000000000000e+03
1.895000000000000000e+03
1.844000000000000000e+03
1.814000000000000000e+03
1.797000000000000000e+03
1.758000000000000000e+03
1.775000000000000000e+03
1.746000000000000000e+03
1.742000000000000000e+03
1.705000000000000000e+03
1.637000000000000000e+03
1.664000000000000000e+03
1.641000000000000000e+03
1.621000000000000000e+03
1.575000000000000000e+03
1.584000000000000000e+03
1.552000000000000000e+03
1.557000000000000000e+03
1.525000000000000000e+03
1.524000000000000000e+03
1.521000000000000000e+03
