1.401000000000000000e+03
1.387000000000000000e+03
1.373000000000000000e+03
1.353000000000000000e+03
1.353000000000000000e+03
1.345000000000000000e+03
1.382000000000000000e+03
1.414000000000000000e+03
1.435000000000000000e+03
1.450000000000000000e+03
1.479000000000000000e+03
1.521000000000000000e+03
1.543000000000000000e+03
1.556000000000000000e+03
1.554000000000000000e+03
1.537000000000000000e+03
1.464000000000000000e+03
1.411000000000000000e+03
1.409000000000000000e+03
1.419000000000000000e+03
1.448000000000000000e+03
1.416000000000000000e+03
1.389000000000000000e+03
1.396000000000000000e+03
1.408000000000000000e+03
1.472000000000000000e+03
1.556000000000000000e+03
1.629000000000000000e+03
1.641000000000000000e+03
1.674000000000000000e+03
1.713000000000000000e+03
1.765000000000000000e+03
