5.330000000000000000e+02
5.430000000000000000e+02
5.570000000000000000e+02
5.970000000000000000e+02
6.120000000000000000e+02
6.140000000000000000e+02
6.410000000000000000e+02
6.550000000000000000e+02
6.740000000000000000e+02
7.130000000000000000e+02
7.250000000000000000e+02
7.380000000000000000e+02
7.920000000000000000e+02
8.120000000000000000e+02
8.410000000000000000e+02
8.680000000000000000e+02
8.850000000000000000e+02
8.990000000000000000e+02
9.070000000000000000e+02
9.310000000000000000e+02
9.490000000000000000e+02
9.550000000000000000e+02
9.470000000000000000e+02
9.640000000000000000e+02
9.760000000000000000e+02
9.950000000000000000e+02
9.950000000000000000e+02
9.810000000000000000e+02
9.850000000000000000e+02
9.890000000000000000e+02
9.590000000000000000e+02
9.520000000000000000e+02
