2.820000000000000000e+02
2.880000000000000000e+02
2.850000000000000000e+02
2.750000000000000000e+02
2.920000000000000000e+02
2.960000000000000000e+02
3.000000000000000000e+02
3.200000000000000000e+02
3.450000000000000000e+02
3.540000000000000000e+02
3.750000000000000000e+02
3.930000000000000000e+02
4.170000000000000000e+02
4.530000000000000000e+02
4.620000000000000000e+02
4.790000000000000000e+02
4.830000000000000000e+02
5.060000000000000000e+02
5.280000000000000000e+02
5.410000000000000000e+02
5.350000000000000000e+02
5.470000000000000000e+02
5.740000000000000000e+02
5.860000000000000000e+02
6.100000000000000000e+02
6.210000000000000000e+02
6.370000000000000000e+02
6.510000000000000000e+02
6.450000000000000000e+02
6.630000000000000000e+02
6.890000000000000000e+02
6.980000000000000000e+02
