1.700000000000000000e+02
1.600000000000000000e+02
1.520000000000000000e+02
1.450000000000000000e+02
1.510000000000000000e+02
1.470000000000000000e+02
1.590000000000000000e+02
1.720000000000000000e+02
1.840000000000000000e+02
1.930000000000000000e+02
2.060000000000000000e+02
2.350000000000000000e+02
2.510000000000000000e+02
2.710000000000000000e+02
2.750000000000000000e+02
2.790000000000000000e+02
2.780000000000000000e+02
2.870000000000000000e+02
2.890000000000000000e+02
2.910000000000000000e+02
2.950000000000000000e+02
3.030000000000000000e+02
3.340000000000000000e+02
3.560000000000000000e+02
3.650000000000000000e+02
3.710000000000000000e+02
4.010000000000000000e+02
4.060000000000000000e+02
4.200000000000000000e+02
4.350000000000000000e+02
4.420000000000000000e+02
4.400000000000000000e+02
