1.047000000000000000e+03
1.060000000000000000e+03
1.079000000000000000e+03
1.069000000000000000e+03
1.068000000000000000e+03
1.025000000000000000e+03
1.001000000000000000e+03
9.920000000000000000e+02
9.780000000000000000e+02
9.300000000000000000e+02
9.180000000000000000e+02
9.410000000000000000e+02
9.210000000000000000e+02
9.010000000000000000e+02
8.940000000000000000e+02
8.930000000000000000e+02
9.180000000000000000e+02
8.930000000000000000e+02
8.950000000000000000e+02
8.860000000000000000e+02
9.030000000000000000e+02
8.760000000000000000e+02
9.110000000000000000e+02
9.260000000000000000e+02
9.080000000000000000e+02
8.980000000000000000e+02
9.120000000000000000e+02
9.140000000000000000e+02
9.460000000000000000e+02
9.660000000000000000e+02
9.570000000000000000e+02
9.720000000000000000e+02
