9.830000000000000000e+02
9.920000000000000000e+02
9.920000000000000000e+02
9.760000000000000000e+02
9.800000000000000000e+02
9.970000000000000000e+02
9.860000000000000000e+02
9.800000000000000000e+02
9.820000000000000000e+02
9.800000000000000000e+02
9.950000000000000000e+02
1.024000000000000000e+03
1.007000000000000000e+03
1.025000000000000000e+03
1.038000000000000000e+03
1.024000000000000000e+03
1.029000000000000000e+03
1.024000000000000000e+03
1.010000000000000000e+03
9.940000000000000000e+02
9.820000000000000000e+02
9.320000000000000000e+02
9.040000000000000000e+02
9.220000000000000000e+02
8.830000000000000000e+02
8.710000000000000000e+02
8.590000000000000000e+02
8.430000000000000000e+02
8.030000000000000000e+02
8.050000000000000000e+02
7.330000000000000000e+02
7.320000000000000000e+02
