6.880000000000000000e+02
6.810000000000000000e+02
6.920000000000000000e+02
7.000000000000000000e+02
7.090000000000000000e+02
7.000000000000000000e+02
6.740000000000000000e+02
6.610000000000000000e+02
6.500000000000000000e+02
6.350000000000000000e+02
6.170000000000000000e+02
6.630000000000000000e+02
6.340000000000000000e+02
6.400000000000000000e+02
6.440000000000000000e+02
6.390000000000000000e+02
6.450000000000000000e+02
6.400000000000000000e+02
6.460000000000000000e+02
6.430000000000000000e+02
6.140000000000000000e+02
6.110000000000000000e+02
5.920000000000000000e+02
5.760000000000000000e+02
5.550000000000000000e+02
5.150000000000000000e+02
4.910000000000000000e+02
4.620000000000000000e+02
4.600000000000000000e+02
4.760000000000000000e+02
4.800000000000000000e+02
4.940000000000000000e+02
