7.680000000000000000e+02
7.710000000000000000e+02
7.760000000000000000e+02
7.810000000000000000e+02
7.920000000000000000e+02
8.140000000000000000e+02
8.460000000000000000e+02
8.720000000000000000e+02
8.990000000000000000e+02
9.330000000000000000e+02
9.530000000000000000e+02
1.031000000000000000e+03
1.046000000000000000e+03
1.064000000000000000e+03
1.060000000000000000e+03
1.044000000000000000e+03
1.016000000000000000e+03
1.017000000000000000e+03
1.028000000000000000e+03
1.016000000000000000e+03
1.013000000000000000e+03
9.870000000000000000e+02
9.820000000000000000e+02
9.880000000000000000e+02
1.006000000000000000e+03
1.037000000000000000e+03
1.053000000000000000e+03
1.075000000000000000e+03
1.050000000000000000e+03
1.059000000000000000e+03
1.059000000000000000e+03
1.062000000000000000e+03
