9.730000000000000000e+02
9.420000000000000000e+02
9.410000000000000000e+02
9.630000000000000000e+02
9.690000000000000000e+02
9.880000000000000000e+02
1.021000000000000000e+03
1.027000000000000000e+03
1.008000000000000000e+03
1.023000000000000000e+03
1.033000000000000000e+03
1.073000000000000000e+03
1.074000000000000000e+03
1.062000000000000000e+03
1.056000000000000000e+03
1.021000000000000000e+03
9.950000000000000000e+02
9.850000000000000000e+02
9.700000000000000000e+02
9.500000000000000000e+02
9.440000000000000000e+02
9.480000000000000000e+02
9.310000000000000000e+02
9.130000000000000000e+02
9.030000000000000000e+02
9.000000000000000000e+02
8.960000000000000000e+02
8.780000000000000000e+02
8.720000000000000000e+02
8.600000000000000000e+02
8.500000000000000000e+02
8.370000000000000000e+02
