1.771000000000000000e+03
1.787000000000000000e+03
1.829000000000000000e+03
1.848000000000000000e+03
1.875000000000000000e+03
1.896000000000000000e+03
1.913000000000000000e+03
1.929000000000000000e+03
1.957000000000000000e+03
1.969000000000000000e+03
1.984000000000000000e+03
2.131000000000000000e+03
2.137000000000000000e+03
2.159000000000000000e+03
2.184000000000000000e+03
2.183000000000000000e+03
2.198000000000000000e+03
2.211000000000000000e+03
2.235000000000000000e+03
2.250000000000000000e+03
2.248000000000000000e+03
2.251000000000000000e+03
2.298000000000000000e+03
2.322000000000000000e+03
2.354000000000000000e+03
2.309000000000000000e+03
2.321000000000000000e+03
2.297000000000000000e+03
2.283000000000000000e+03
2.314000000000000000e+03
2.318000000000000000e+03
2.320000000000000000e+03
