2.900000000000000000e+02
3.040000000000000000e+02
3.140000000000000000e+02
3.200000000000000000e+02
3.270000000000000000e+02
3.360000000000000000e+02
3.400000000000000000e+02
3.530000000000000000e+02
3.540000000000000000e+02
3.530000000000000000e+02
3.580000000000000000e+02
3.950000000000000000e+02
4.160000000000000000e+02
4.240000000000000000e+02
4.270000000000000000e+02
4.540000000000000000e+02
4.810000000000000000e+02
4.890000000000000000e+02
5.160000000000000000e+02
5.440000000000000000e+02
5.600000000000000000e+02
5.570000000000000000e+02
5.790000000000000000e+02
5.790000000000000000e+02
5.870000000000000000e+02
5.810000000000000000e+02
5.660000000000000000e+02
5.530000000000000000e+02
5.370000000000000000e+02
5.310000000000000000e+02
5.230000000000000000e+02
5.470000000000000000e+02
