4.060000000000000000e+02
4.260000000000000000e+02
4.540000000000000000e+02
4.650000000000000000e+02
4.690000000000000000e+02
5.020000000000000000e+02
5.400000000000000000e+02
5.440000000000000000e+02
5.790000000000000000e+02
6.050000000000000000e+02
6.230000000000000000e+02
6.530000000000000000e+02
6.610000000000000000e+02
6.560000000000000000e+02
6.680000000000000000e+02
6.510000000000000000e+02
6.230000000000000000e+02
6.140000000000000000e+02
6.010000000000000000e+02
5.910000000000000000e+02
5.880000000000000000e+02
5.980000000000000000e+02
5.860000000000000000e+02
5.910000000000000000e+02
6.010000000000000000e+02
5.920000000000000000e+02
6.060000000000000000e+02
6.090000000000000000e+02
6.040000000000000000e+02
6.060000000000000000e+02
5.900000000000000000e+02
5.590000000000000000e+02
