9.920000000000000000e+02
1.004000000000000000e+03
9.860000000000000000e+02
1.000000000000000000e+03
1.018000000000000000e+03
9.930000000000000000e+02
1.001000000000000000e+03
9.960000000000000000e+02
9.840000000000000000e+02
9.650000000000000000e+02
9.510000000000000000e+02
9.450000000000000000e+02
9.350000000000000000e+02
9.170000000000000000e+02
8.940000000000000000e+02
8.820000000000000000e+02
8.700000000000000000e+02
8.570000000000000000e+02
8.260000000000000000e+02
8.170000000000000000e+02
7.710000000000000000e+02
7.500000000000000000e+02
7.390000000000000000e+02
7.270000000000000000e+02
6.950000000000000000e+02
6.710000000000000000e+02
6.530000000000000000e+02
6.530000000000000000e+02
6.680000000000000000e+02
6.390000000000000000e+02
6.460000000000000000e+02
6.420000000000000000e+02
