3.070000000000000000e+02
3.140000000000000000e+02
3.280000000000000000e+02
3.480000000000000000e+02
3.510000000000000000e+02
3.720000000000000000e+02
3.920000000000000000e+02
3.880000000000000000e+02
4.080000000000000000e+02
4.240000000000000000e+02
4.460000000000000000e+02
4.670000000000000000e+02
4.720000000000000000e+02
4.770000000000000000e+02
4.910000000000000000e+02
4.990000000000000000e+02
4.980000000000000000e+02
5.120000000000000000e+02
4.980000000000000000e+02
5.150000000000000000e+02
5.220000000000000000e+02
5.160000000000000000e+02
5.090000000000000000e+02
5.080000000000000000e+02
4.980000000000000000e+02
4.980000000000000000e+02
4.950000000000000000e+02
5.050000000000000000e+02
5.270000000000000000e+02
5.300000000000000000e+02
5.380000000000000000e+02
5.210000000000000000e+02
