1.866000000000000000e+03
1.892000000000000000e+03
1.921000000000000000e+03
1.941000000000000000e+03
1.965000000000000000e+03
1.982000000000000000e+03
1.979000000000000000e+03
2.011000000000000000e+03
2.067000000000000000e+03
2.101000000000000000e+03
2.127000000000000000e+03
2.134000000000000000e+03
2.155000000000000000e+03
2.163000000000000000e+03
2.190000000000000000e+03
2.213000000000000000e+03
2.244000000000000000e+03
2.289000000000000000e+03
2.330000000000000000e+03
2.372000000000000000e+03
2.410000000000000000e+03
2.386000000000000000e+03
2.441000000000000000e+03
2.478000000000000000e+03
2.540000000000000000e+03
2.551000000000000000e+03
2.550000000000000000e+03
2.576000000000000000e+03
2.590000000000000000e+03
2.630000000000000000e+03
2.659000000000000000e+03
2.693000000000000000e+03
