1.188000000000000000e+03
1.164000000000000000e+03
1.180000000000000000e+03
1.154000000000000000e+03
1.129000000000000000e+03
1.100000000000000000e+03
1.101000000000000000e+03
1.110000000000000000e+03
1.099000000000000000e+03
1.075000000000000000e+03
1.080000000000000000e+03
1.082000000000000000e+03
1.059000000000000000e+03
1.083000000000000000e+03
1.096000000000000000e+03
1.101000000000000000e+03
1.097000000000000000e+03
1.103000000000000000e+03
1.096000000000000000e+03
1.098000000000000000e+03
1.092000000000000000e+03
1.066000000000000000e+03
1.049000000000000000e+03
1.011000000000000000e+03
1.004000000000000000e+03
1.015000000000000000e+03
1.009000000000000000e+03
9.540000000000000000e+02
9.760000000000000000e+02
9.760000000000000000e+02
9.530000000000000000e+02
9.680000000000000000e+02
