9.560000000000000000e+02
9.650000000000000000e+02
9.710000000000000000e+02
9.640000000000000000e+02
9.300000000000000000e+02
8.890000000000000000e+02
8.770000000000000000e+02
8.540000000000000000e+02
8.240000000000000000e+02
8.010000000000000000e+02
8.050000000000000000e+02
7.690000000000000000e+02
7.230000000000000000e+02
7.170000000000000000e+02
7.110000000000000000e+02
7.050000000000000000e+02
7.050000000000000000e+02
7.220000000000000000e+02
7.350000000000000000e+02
7.450000000000000000e+02
7.200000000000000000e+02
7.240000000000000000e+02
7.510000000000000000e+02
7.280000000000000000e+02
6.970000000000000000e+02
6.940000000000000000e+02
6.890000000000000000e+02
6.800000000000000000e+02
6.560000000000000000e+02
6.500000000000000000e+02
6.540000000000000000e+02
6.320000000000000000e+02
