8.870000000000000000e+02
9.050000000000000000e+02
9.550000000000000000e+02
9.640000000000000000e+02
9.980000000000000000e+02
9.900000000000000000e+02
9.840000000000000000e+02
9.720000000000000000e+02
9.590000000000000000e+02
9.520000000000000000e+02
9.270000000000000000e+02
9.230000000000000000e+02
9.020000000000000000e+02
9.030000000000000000e+02
8.880000000000000000e+02
9.120000000000000000e+02
9.370000000000000000e+02
9.770000000000000000e+02
1.019000000000000000e+03
1.046000000000000000e+03
1.060000000000000000e+03
1.079000000000000000e+03
1.084000000000000000e+03
1.109000000000000000e+03
1.111000000000000000e+03
1.145000000000000000e+03
1.162000000000000000e+03
1.180000000000000000e+03
1.170000000000000000e+03
1.165000000000000000e+03
1.163000000000000000e+03
1.163000000000000000e+03
