2.450000000000000000e+03
2.422000000000000000e+03
2.404000000000000000e+03
2.374000000000000000e+03
2.315000000000000000e+03
2.276000000000000000e+03
2.248000000000000000e+03
2.221000000000000000e+03
2.186000000000000000e+03
2.170000000000000000e+03
2.145000000000000000e+03
2.093000000000000000e+03
2.063000000000000000e+03
2.048000000000000000e+03
2.040000000000000000e+03
2.038000000000000000e+03
2.026000000000000000e+03
2.007000000000000000e+03
2.014000000000000000e+03
2.002000000000000000e+03
1.992000000000000000e+03
1.995000000000000000e+03
2.011000000000000000e+03
2.003000000000000000e+03
2.003000000000000000e+03
2.000000000000000000e+03
2.009000000000000000e+03
2.005000000000000000e+03
2.001000000000000000e+03
1.980000000000000000e+03
1.983000000000000000e+03
1.952000000000000000e+03
