1.550000000000000000e+02
1.550000000000000000e+02
1.430000000000000000e+02
1.510000000000000000e+02
1.560000000000000000e+02
1.600000000000000000e+02
1.510000000000000000e+02
1.440000000000000000e+02
1.420000000000000000e+02
1.340000000000000000e+02
1.300000000000000000e+02
1.200000000000000000e+02
1.130000000000000000e+02
1.120000000000000000e+02
1.140000000000000000e+02
1.160000000000000000e+02
1.240000000000000000e+02
1.200000000000000000e+02
1.370000000000000000e+02
1.520000000000000000e+02
1.650000000000000000e+02
1.630000000000000000e+02
1.730000000000000000e+02
1.850000000000000000e+02
1.930000000000000000e+02
2.010000000000000000e+02
2.070000000000000000e+02
2.180000000000000000e+02
2.090000000000000000e+02
2.130000000000000000e+02
2.090000000000000000e+02
2.160000000000000000e+02
