1.521000000000000000e+03
1.528000000000000000e+03
1.547000000000000000e+03
1.585000000000000000e+03
1.592000000000000000e+03
1.601000000000000000e+03
1.631000000000000000e+03
1.647000000000000000e+03
1.650000000000000000e+03
1.655000000000000000e+03
1.629000000000000000e+03
1.627000000000000000e+03
1.612000000000000000e+03
1.586000000000000000e+03
1.576000000000000000e+03
1.538000000000000000e+03
1.505000000000000000e+03
1.481000000000000000e+03
1.456000000000000000e+03
1.437000000000000000e+03
1.400000000000000000e+03
1.219000000000000000e+03
1.207000000000000000e+03
1.198000000000000000e+03
1.170000000000000000e+03
1.164000000000000000e+03
1.136000000000000000e+03
1.125000000000000000e+03
1.091000000000000000e+03
1.049000000000000000e+03
1.037000000000000000e+03
1.001000000000000000e+03
