1.417000000000000000e+03
1.436000000000000000e+03
1.440000000000000000e+03
1.429000000000000000e+03
1.414000000000000000e+03
1.401000000000000000e+03
1.457000000000000000e+03
1.505000000000000000e+03
1.548000000000000000e+03
1.532000000000000000e+03
1.528000000000000000e+03
1.513000000000000000e+03
1.521000000000000000e+03
1.517000000000000000e+03
1.523000000000000000e+03
1.522000000000000000e+03
1.466000000000000000e+03
1.430000000000000000e+03
1.424000000000000000e+03
1.421000000000000000e+03
1.443000000000000000e+03
1.459000000000000000e+03
1.446000000000000000e+03
1.450000000000000000e+03
1.470000000000000000e+03
1.476000000000000000e+03
1.502000000000000000e+03
1.500000000000000000e+03
1.486000000000000000e+03
1.512000000000000000e+03
1.525000000000000000e+03
1.503000000000000000e+03
