1.419000000000000000e+03
1.425000000000000000e+03
1.437000000000000000e+03
1.455000000000000000e+03
1.463000000000000000e+03
1.470000000000000000e+03
1.501000000000000000e+03
1.494000000000000000e+03
1.488000000000000000e+03
1.494000000000000000e+03
1.507000000000000000e+03
1.512000000000000000e+03
1.528000000000000000e+03
1.572000000000000000e+03
1.542000000000000000e+03
1.567000000000000000e+03
1.598000000000000000e+03
1.624000000000000000e+03
1.625000000000000000e+03
1.637000000000000000e+03
1.608000000000000000e+03
1.602000000000000000e+03
1.570000000000000000e+03
1.563000000000000000e+03
1.564000000000000000e+03
1.520000000000000000e+03
1.477000000000000000e+03
1.430000000000000000e+03
1.423000000000000000e+03
1.384000000000000000e+03
1.352000000000000000e+03
1.318000000000000000e+03
