1.525000000000000000e+03
1.521000000000000000e+03
1.536000000000000000e+03
1.535000000000000000e+03
1.544000000000000000e+03
1.541000000000000000e+03
1.473000000000000000e+03
1.431000000000000000e+03
1.425000000000000000e+03
1.410000000000000000e+03
1.424000000000000000e+03
1.435000000000000000e+03
1.438000000000000000e+03
1.429000000000000000e+03
1.429000000000000000e+03
1.429000000000000000e+03
1.447000000000000000e+03
1.462000000000000000e+03
1.449000000000000000e+03
1.477000000000000000e+03
1.500000000000000000e+03
1.495000000000000000e+03
1.519000000000000000e+03
1.548000000000000000e+03
1.553000000000000000e+03
1.569000000000000000e+03
1.587000000000000000e+03
1.590000000000000000e+03
1.592000000000000000e+03
1.600000000000000000e+03
1.560000000000000000e+03
1.567000000000000000e+03
