1.363000000000000000e+03
1.377000000000000000e+03
1.402000000000000000e+03
1.405000000000000000e+03
1.427000000000000000e+03
1.470000000000000000e+03
1.466000000000000000e+03
1.466000000000000000e+03
1.466000000000000000e+03
1.501000000000000000e+03
1.504000000000000000e+03
1.472000000000000000e+03
1.477000000000000000e+03
1.512000000000000000e+03
1.517000000000000000e+03
1.486000000000000000e+03
1.488000000000000000e+03
1.474000000000000000e+03
1.458000000000000000e+03
1.458000000000000000e+03
1.447000000000000000e+03
1.463000000000000000e+03
1.476000000000000000e+03
1.470000000000000000e+03
1.450000000000000000e+03
1.433000000000000000e+03
1.497000000000000000e+03
1.513000000000000000e+03
1.549000000000000000e+03
1.533000000000000000e+03
1.536000000000000000e+03
1.525000000000000000e+03
