2.399000000000000000e+03
2.423000000000000000e+03
2.435000000000000000e+03
2.469000000000000000e+03
2.492000000000000000e+03
2.511000000000000000e+03
2.534000000000000000e+03
2.571000000000000000e+03
2.591000000000000000e+03
2.616000000000000000e+03
2.613000000000000000e+03
2.609000000000000000e+03
2.638000000000000000e+03
2.694000000000000000e+03
2.733000000000000000e+03
2.749000000000000000e+03
2.779000000000000000e+03
2.789000000000000000e+03
2.797000000000000000e+03
2.835000000000000000e+03
2.870000000000000000e+03
2.897000000000000000e+03
2.934000000000000000e+03
2.981000000000000000e+03
3.017000000000000000e+03
3.029000000000000000e+03
3.042000000000000000e+03
3.055000000000000000e+03
3.092000000000000000e+03
3.119000000000000000e+03
3.114000000000000000e+03
3.159000000000000000e+03
