2.400000000000000000e+02
2.330000000000000000e+02
2.270000000000000000e+02
2.070000000000000000e+02
2.050000000000000000e+02
2.180000000000000000e+02
2.350000000000000000e+02
2.680000000000000000e+02
2.850000000000000000e+02
3.110000000000000000e+02
3.330000000000000000e+02
3.380000000000000000e+02
3.560000000000000000e+02
3.690000000000000000e+02
3.670000000000000000e+02
3.710000000000000000e+02
3.690000000000000000e+02
3.620000000000000000e+02
3.870000000000000000e+02
3.910000000000000000e+02
3.940000000000000000e+02
4.470000000000000000e+02
4.740000000000000000e+02
4.800000000000000000e+02
4.710000000000000000e+02
4.690000000000000000e+02
4.810000000000000000e+02
4.990000000000000000e+02
5.030000000000000000e+02
5.010000000000000000e+02
5.250000000000000000e+02
5.460000000000000000e+02
