9.220000000000000000e+02
9.460000000000000000e+02
9.280000000000000000e+02
9.460000000000000000e+02
9.500000000000000000e+02
9.240000000000000000e+02
9.090000000000000000e+02
8.900000000000000000e+02
8.770000000000000000e+02
8.680000000000000000e+02
8.490000000000000000e+02
8.180000000000000000e+02
8.090000000000000000e+02
7.860000000000000000e+02
7.680000000000000000e+02
7.880000000000000000e+02
7.860000000000000000e+02
7.970000000000000000e+02
7.840000000000000000e+02
7.780000000000000000e+02
7.790000000000000000e+02
8.300000000000000000e+02
8.470000000000000000e+02
8.490000000000000000e+02
8.530000000000000000e+02
8.380000000000000000e+02
8.220000000000000000e+02
8.130000000000000000e+02
8.350000000000000000e+02
8.530000000000000000e+02
8.550000000000000000e+02
8.790000000000000000e+02
