1.364000000000000000e+03
1.378000000000000000e+03
1.404000000000000000e+03
1.407000000000000000e+03
1.401000000000000000e+03
1.397000000000000000e+03
1.404000000000000000e+03
1.449000000000000000e+03
1.456000000000000000e+03
1.445000000000000000e+03
1.403000000000000000e+03
1.414000000000000000e+03
1.392000000000000000e+03
1.387000000000000000e+03
1.380000000000000000e+03
1.416000000000000000e+03
1.416000000000000000e+03
1.405000000000000000e+03
1.405000000000000000e+03
1.427000000000000000e+03
1.439000000000000000e+03
1.461000000000000000e+03
1.470000000000000000e+03
1.479000000000000000e+03
1.461000000000000000e+03
1.415000000000000000e+03
1.392000000000000000e+03
1.356000000000000000e+03
1.322000000000000000e+03
1.277000000000000000e+03
1.276000000000000000e+03
1.261000000000000000e+03
