1.827500000000000000e+04
1.829500000000000000e+04
1.827400000000000000e+04
1.828900000000000000e+04
1.823400000000000000e+04
1.818300000000000000e+04
1.820600000000000000e+04
1.819700000000000000e+04
1.818900000000000000e+04
1.818700000000000000e+04
1.817400000000000000e+04
1.809600000000000000e+04
1.810400000000000000e+04
1.806900000000000000e+04
1.802000000000000000e+04
1.802100000000000000e+04
1.799500000000000000e+04
1.798400000000000000e+04
1.802100000000000000e+04
1.808300000000000000e+04
1.809300000000000000e+04
1.823400000000000000e+04
1.824400000000000000e+04
1.823900000000000000e+04
1.825000000000000000e+04
1.822900000000000000e+04
1.819300000000000000e+04
1.816000000000000000e+04
1.815700000000000000e+04
1.811500000000000000e+04
1.807600000000000000e+04
1.808600000000000000e+04
