1.417000000000000000e+03
1.430000000000000000e+03
1.420000000000000000e+03
1.420000000000000000e+03
1.416000000000000000e+03
1.399000000000000000e+03
1.378000000000000000e+03
1.344000000000000000e+03
1.320000000000000000e+03
1.281000000000000000e+03
1.286000000000000000e+03
1.262000000000000000e+03
1.278000000000000000e+03
1.265000000000000000e+03
1.267000000000000000e+03
1.254000000000000000e+03
1.240000000000000000e+03
1.253000000000000000e+03
1.262000000000000000e+03
1.316000000000000000e+03
1.316000000000000000e+03
1.274000000000000000e+03
1.305000000000000000e+03
1.331000000000000000e+03
1.292000000000000000e+03
1.276000000000000000e+03
1.289000000000000000e+03
1.302000000000000000e+03
1.288000000000000000e+03
1.290000000000000000e+03
1.265000000000000000e+03
1.273000000000000000e+03
