1.412000000000000000e+03
1.410000000000000000e+03
1.376000000000000000e+03
1.370000000000000000e+03
1.373000000000000000e+03
1.402000000000000000e+03
1.405000000000000000e+03
1.388000000000000000e+03
1.384000000000000000e+03
1.392000000000000000e+03
1.411000000000000000e+03
1.410000000000000000e+03
1.415000000000000000e+03
1.400000000000000000e+03
1.392000000000000000e+03
1.370000000000000000e+03
1.357000000000000000e+03
1.310000000000000000e+03
1.293000000000000000e+03
1.258000000000000000e+03
1.273000000000000000e+03
1.246000000000000000e+03
1.261000000000000000e+03
1.242000000000000000e+03
1.262000000000000000e+03
1.245000000000000000e+03
1.244000000000000000e+03
1.234000000000000000e+03
1.234000000000000000e+03
1.268000000000000000e+03
1.263000000000000000e+03
1.249000000000000000e+03
