1.294000000000000000e+03
1.310000000000000000e+03
1.286000000000000000e+03
1.275000000000000000e+03
1.273000000000000000e+03
1.252000000000000000e+03
1.241000000000000000e+03
1.209000000000000000e+03
1.183000000000000000e+03
1.154000000000000000e+03
1.121000000000000000e+03
1.065000000000000000e+03
1.040000000000000000e+03
9.970000000000000000e+02
9.810000000000000000e+02
9.700000000000000000e+02
9.650000000000000000e+02
9.440000000000000000e+02
9.460000000000000000e+02
9.590000000000000000e+02
9.470000000000000000e+02
9.370000000000000000e+02
9.280000000000000000e+02
9.430000000000000000e+02
9.160000000000000000e+02
9.140000000000000000e+02
9.020000000000000000e+02
9.000000000000000000e+02
8.700000000000000000e+02
8.650000000000000000e+02
8.460000000000000000e+02
8.470000000000000000e+02
