7.760000000000000000e+02
8.330000000000000000e+02
9.090000000000000000e+02
9.500000000000000000e+02
9.010000000000000000e+02
9.180000000000000000e+02
9.330000000000000000e+02
9.470000000000000000e+02
9.510000000000000000e+02
9.510000000000000000e+02
9.470000000000000000e+02
9.340000000000000000e+02
9.380000000000000000e+02
9.370000000000000000e+02
9.220000000000000000e+02
9.100000000000000000e+02
9.230000000000000000e+02
9.100000000000000000e+02
9.000000000000000000e+02
9.210000000000000000e+02
9.060000000000000000e+02
9.160000000000000000e+02
9.170000000000000000e+02
9.080000000000000000e+02
9.150000000000000000e+02
9.330000000000000000e+02
9.170000000000000000e+02
9.350000000000000000e+02
9.430000000000000000e+02
9.290000000000000000e+02
9.310000000000000000e+02
9.350000000000000000e+02
