3.477000000000000000e+03
3.411000000000000000e+03
3.359000000000000000e+03
3.334000000000000000e+03
3.242000000000000000e+03
3.221000000000000000e+03
3.194000000000000000e+03
3.147000000000000000e+03
3.104000000000000000e+03
3.053000000000000000e+03
3.034000000000000000e+03
2.993000000000000000e+03
2.968000000000000000e+03
2.934000000000000000e+03
2.873000000000000000e+03
2.849000000000000000e+03
2.800000000000000000e+03
2.780000000000000000e+03
2.805000000000000000e+03
2.819000000000000000e+03
2.838000000000000000e+03
2.868000000000000000e+03
2.944000000000000000e+03
3.002000000000000000e+03
3.046000000000000000e+03
3.087000000000000000e+03
3.113000000000000000e+03
3.124000000000000000e+03
3.199000000000000000e+03
3.215000000000000000e+03
3.271000000000000000e+03
3.303000000000000000e+03
