1.659000000000000000e+03
1.637000000000000000e+03
1.612000000000000000e+03
1.649000000000000000e+03
1.713000000000000000e+03
1.661000000000000000e+03
1.681000000000000000e+03
1.685000000000000000e+03
1.692000000000000000e+03
1.741000000000000000e+03
1.735000000000000000e+03
1.744000000000000000e+03
1.775000000000000000e+03
1.723000000000000000e+03
1.725000000000000000e+03
1.778000000000000000e+03
1.802000000000000000e+03
1.825000000000000000e+03
1.877000000000000000e+03
1.899000000000000000e+03
1.904000000000000000e+03
1.861000000000000000e+03
1.789000000000000000e+03
1.793000000000000000e+03
1.748000000000000000e+03
1.708000000000000000e+03
1.632000000000000000e+03
1.607000000000000000e+03
1.558000000000000000e+03
1.519000000000000000e+03
1.502000000000000000e+03
1.480000000000000000e+03
