1.839000000000000000e+03
1.845000000000000000e+03
1.811000000000000000e+03
1.811000000000000000e+03
1.803000000000000000e+03
1.813000000000000000e+03
1.847000000000000000e+03
1.827000000000000000e+03
1.836000000000000000e+03
1.829000000000000000e+03
1.817000000000000000e+03
1.775000000000000000e+03
1.768000000000000000e+03
1.712000000000000000e+03
1.696000000000000000e+03
1.682000000000000000e+03
1.639000000000000000e+03
1.661000000000000000e+03
1.692000000000000000e+03
1.693000000000000000e+03
1.727000000000000000e+03
1.742000000000000000e+03
1.772000000000000000e+03
1.840000000000000000e+03
1.903000000000000000e+03
1.902000000000000000e+03
1.889000000000000000e+03
1.887000000000000000e+03
1.898000000000000000e+03
1.947000000000000000e+03
1.923000000000000000e+03
1.909000000000000000e+03
