2.387600000000000000e+04
2.375400000000000000e+04
2.366700000000000000e+04
2.376000000000000000e+04
2.352200000000000000e+04
2.349000000000000000e+04
2.353600000000000000e+04
2.350800000000000000e+04
2.358900000000000000e+04
2.365700000000000000e+04
2.368900000000000000e+04
2.375100000000000000e+04
2.368700000000000000e+04
2.353800000000000000e+04
2.343600000000000000e+04
2.348100000000000000e+04
2.348100000000000000e+04
2.357600000000000000e+04
2.373600000000000000e+04
2.401800000000000000e+04
2.416300000000000000e+04
2.398200000000000000e+04
2.414000000000000000e+04
2.435600000000000000e+04
2.446500000000000000e+04
2.451400000000000000e+04
2.449500000000000000e+04
2.465100000000000000e+04
2.481000000000000000e+04
2.479600000000000000e+04
2.478000000000000000e+04
2.483400000000000000e+04
