1.440000000000000000e+03
1.396000000000000000e+03
1.305000000000000000e+03
1.248000000000000000e+03
1.136000000000000000e+03
1.050000000000000000e+03
9.720000000000000000e+02
9.870000000000000000e+02
1.026000000000000000e+03
1.051000000000000000e+03
1.110000000000000000e+03
1.169000000000000000e+03
1.251000000000000000e+03
1.332000000000000000e+03
1.439000000000000000e+03
1.577000000000000000e+03
1.714000000000000000e+03
1.792000000000000000e+03
1.791000000000000000e+03
1.830000000000000000e+03
1.881000000000000000e+03
1.920000000000000000e+03
1.947000000000000000e+03
2.007000000000000000e+03
2.036000000000000000e+03
2.018000000000000000e+03
2.010000000000000000e+03
2.032000000000000000e+03
2.038000000000000000e+03
2.045000000000000000e+03
1.995000000000000000e+03
2.025000000000000000e+03
