1.262000000000000000e+03
1.227000000000000000e+03
1.221000000000000000e+03
1.202000000000000000e+03
1.179000000000000000e+03
1.186000000000000000e+03
1.156000000000000000e+03
1.172000000000000000e+03
1.186000000000000000e+03
1.173000000000000000e+03
1.176000000000000000e+03
1.195000000000000000e+03
1.241000000000000000e+03
1.258000000000000000e+03
1.291000000000000000e+03
1.303000000000000000e+03
1.323000000000000000e+03
1.280000000000000000e+03
1.297000000000000000e+03
1.305000000000000000e+03
1.289000000000000000e+03
1.281000000000000000e+03
1.194000000000000000e+03
1.134000000000000000e+03
1.064000000000000000e+03
9.720000000000000000e+02
9.070000000000000000e+02
9.240000000000000000e+02
9.680000000000000000e+02
1.005000000000000000e+03
1.069000000000000000e+03
1.126000000000000000e+03
