4.040000000000000000e+03
4.030000000000000000e+03
4.038000000000000000e+03
4.040000000000000000e+03
3.951000000000000000e+03
3.941000000000000000e+03
3.964000000000000000e+03
3.985000000000000000e+03
4.028000000000000000e+03
4.049000000000000000e+03
4.065000000000000000e+03
4.089000000000000000e+03
4.146000000000000000e+03
4.158000000000000000e+03
4.217000000000000000e+03
4.251000000000000000e+03
4.263000000000000000e+03
4.253000000000000000e+03
4.309000000000000000e+03
4.332000000000000000e+03
4.319000000000000000e+03
4.377000000000000000e+03
4.350000000000000000e+03
4.317000000000000000e+03
4.286000000000000000e+03
4.246000000000000000e+03
4.215000000000000000e+03
4.218000000000000000e+03
4.310000000000000000e+03
4.365000000000000000e+03
4.442000000000000000e+03
4.509000000000000000e+03
