8.400000000000000000e+01
9.000000000000000000e+01
8.500000000000000000e+01
7.800000000000000000e+01
8.500000000000000000e+01
8.700000000000000000e+01
9.600000000000000000e+01
9.800000000000000000e+01
1.090000000000000000e+02
1.050000000000000000e+02
1.130000000000000000e+02
1.120000000000000000e+02
1.270000000000000000e+02
1.270000000000000000e+02
1.330000000000000000e+02
1.270000000000000000e+02
1.140000000000000000e+02
9.600000000000000000e+01
8.800000000000000000e+01
8.000000000000000000e+01
6.900000000000000000e+01
5.800000000000000000e+01
5.000000000000000000e+01
4.400000000000000000e+01
6.400000000000000000e+01
7.000000000000000000e+01
8.600000000000000000e+01
9.300000000000000000e+01
1.050000000000000000e+02
1.130000000000000000e+02
1.340000000000000000e+02
1.460000000000000000e+02
