1.172000000000000000e+03
1.144000000000000000e+03
1.127000000000000000e+03
1.085000000000000000e+03
1.041000000000000000e+03
1.025000000000000000e+03
9.710000000000000000e+02
9.750000000000000000e+02
9.670000000000000000e+02
1.003000000000000000e+03
9.750000000000000000e+02
9.560000000000000000e+02
9.410000000000000000e+02
9.360000000000000000e+02
9.230000000000000000e+02
9.250000000000000000e+02
9.290000000000000000e+02
8.960000000000000000e+02
9.250000000000000000e+02
8.930000000000000000e+02
9.070000000000000000e+02
9.050000000000000000e+02
9.120000000000000000e+02
9.470000000000000000e+02
9.300000000000000000e+02
9.160000000000000000e+02
9.320000000000000000e+02
9.640000000000000000e+02
9.650000000000000000e+02
9.960000000000000000e+02
1.017000000000000000e+03
1.090000000000000000e+03
