4.856000000000000000e+03
4.924000000000000000e+03
5.005000000000000000e+03
5.035000000000000000e+03
5.086000000000000000e+03
5.183000000000000000e+03
5.289000000000000000e+03
5.352000000000000000e+03
5.423000000000000000e+03
5.481000000000000000e+03
5.561000000000000000e+03
5.625000000000000000e+03
5.673000000000000000e+03
5.731000000000000000e+03
5.784000000000000000e+03
5.868000000000000000e+03
5.973000000000000000e+03
6.047000000000000000e+03
6.166000000000000000e+03
6.250000000000000000e+03
6.288000000000000000e+03
6.283000000000000000e+03
6.386000000000000000e+03
6.446000000000000000e+03
6.474000000000000000e+03
6.489000000000000000e+03
6.487000000000000000e+03
6.493000000000000000e+03
6.558000000000000000e+03
6.626000000000000000e+03
6.681000000000000000e+03
6.731000000000000000e+03
