4.590000000000000000e+02
4.080000000000000000e+02
3.870000000000000000e+02
3.590000000000000000e+02
3.730000000000000000e+02
3.800000000000000000e+02
4.100000000000000000e+02
4.640000000000000000e+02
5.030000000000000000e+02
5.390000000000000000e+02
5.930000000000000000e+02
6.400000000000000000e+02
6.770000000000000000e+02
7.060000000000000000e+02
7.080000000000000000e+02
7.300000000000000000e+02
7.750000000000000000e+02
7.890000000000000000e+02
8.010000000000000000e+02
8.050000000000000000e+02
8.420000000000000000e+02
8.440000000000000000e+02
8.920000000000000000e+02
9.220000000000000000e+02
9.570000000000000000e+02
9.720000000000000000e+02
9.960000000000000000e+02
1.015000000000000000e+03
1.051000000000000000e+03
1.099000000000000000e+03
1.133000000000000000e+03
1.169000000000000000e+03
