3.167000000000000000e+03
3.157000000000000000e+03
3.167000000000000000e+03
3.166000000000000000e+03
3.130000000000000000e+03
3.089000000000000000e+03
3.037000000000000000e+03
2.960000000000000000e+03
2.953000000000000000e+03
2.920000000000000000e+03
2.940000000000000000e+03
2.943000000000000000e+03
2.962000000000000000e+03
2.976000000000000000e+03
2.945000000000000000e+03
2.953000000000000000e+03
2.994000000000000000e+03
3.025000000000000000e+03
3.074000000000000000e+03
3.073000000000000000e+03
3.019000000000000000e+03
3.037000000000000000e+03
3.074000000000000000e+03
3.091000000000000000e+03
3.102000000000000000e+03
3.129000000000000000e+03
3.146000000000000000e+03
3.148000000000000000e+03
3.145000000000000000e+03
3.118000000000000000e+03
3.148000000000000000e+03
3.121000000000000000e+03
