2.951000000000000000e+03
2.969000000000000000e+03
2.989000000000000000e+03
3.005000000000000000e+03
2.993000000000000000e+03
3.007000000000000000e+03
3.044000000000000000e+03
3.103000000000000000e+03
3.146000000000000000e+03
3.148000000000000000e+03
3.100000000000000000e+03
3.095000000000000000e+03
3.150000000000000000e+03
3.170000000000000000e+03
3.201000000000000000e+03
3.232000000000000000e+03
3.226000000000000000e+03
3.226000000000000000e+03
3.205000000000000000e+03
3.205000000000000000e+03
3.255000000000000000e+03
3.242000000000000000e+03
3.230000000000000000e+03
3.221000000000000000e+03
3.240000000000000000e+03
3.211000000000000000e+03
3.186000000000000000e+03
3.125000000000000000e+03
3.070000000000000000e+03
3.082000000000000000e+03
3.088000000000000000e+03
3.095000000000000000e+03
