8.379000000000000000e+03
8.235000000000000000e+03
8.182000000000000000e+03
8.089000000000000000e+03
7.951000000000000000e+03
7.929000000000000000e+03
7.817000000000000000e+03
7.752000000000000000e+03
7.674000000000000000e+03
7.607000000000000000e+03
7.527000000000000000e+03
7.428000000000000000e+03
7.348000000000000000e+03
7.310000000000000000e+03
7.266000000000000000e+03
7.217000000000000000e+03
7.190000000000000000e+03
7.160000000000000000e+03
7.132000000000000000e+03
7.102000000000000000e+03
7.082000000000000000e+03
7.121000000000000000e+03
7.140000000000000000e+03
7.164000000000000000e+03
7.158000000000000000e+03
7.166000000000000000e+03
7.207000000000000000e+03
7.218000000000000000e+03
7.290000000000000000e+03
7.319000000000000000e+03
7.353000000000000000e+03
7.360000000000000000e+03
