2.438000000000000000e+03
2.389000000000000000e+03
2.419000000000000000e+03
2.433000000000000000e+03
2.393000000000000000e+03
2.418000000000000000e+03
2.400000000000000000e+03
2.393000000000000000e+03
2.386000000000000000e+03
2.386000000000000000e+03
2.382000000000000000e+03
2.385000000000000000e+03
2.341000000000000000e+03
2.325000000000000000e+03
2.329000000000000000e+03
2.276000000000000000e+03
2.286000000000000000e+03
2.298000000000000000e+03
2.320000000000000000e+03
2.313000000000000000e+03
2.336000000000000000e+03
2.422000000000000000e+03
2.478000000000000000e+03
2.490000000000000000e+03
2.520000000000000000e+03
2.564000000000000000e+03
2.608000000000000000e+03
2.606000000000000000e+03
2.642000000000000000e+03
2.663000000000000000e+03
2.652000000000000000e+03
2.613000000000000000e+03
