4.020700000000000000e+04
4.016200000000000000e+04
4.026000000000000000e+04
4.041000000000000000e+04
4.042100000000000000e+04
4.059200000000000000e+04
4.055900000000000000e+04
4.063800000000000000e+04
4.069800000000000000e+04
4.079200000000000000e+04
4.082800000000000000e+04
4.088200000000000000e+04
4.091200000000000000e+04
4.097400000000000000e+04
4.102500000000000000e+04
4.108000000000000000e+04
4.113400000000000000e+04
4.115700000000000000e+04
4.124700000000000000e+04
4.136100000000000000e+04
4.148300000000000000e+04
4.140700000000000000e+04
4.149100000000000000e+04
4.156000000000000000e+04
4.160700000000000000e+04
4.160500000000000000e+04
4.167200000000000000e+04
4.173300000000000000e+04
4.182700000000000000e+04
4.192700000000000000e+04
4.188700000000000000e+04
4.190300000000000000e+04
