1.934000000000000000e+03
1.970000000000000000e+03
1.951000000000000000e+03
1.960000000000000000e+03
2.031000000000000000e+03
2.096000000000000000e+03
2.247000000000000000e+03
2.321000000000000000e+03
2.374000000000000000e+03
2.438000000000000000e+03
2.505000000000000000e+03
2.555000000000000000e+03
2.611000000000000000e+03
2.660000000000000000e+03
2.700000000000000000e+03
2.759000000000000000e+03
2.759000000000000000e+03
2.771000000000000000e+03
2.774000000000000000e+03
2.800000000000000000e+03
2.749000000000000000e+03
2.737000000000000000e+03
2.696000000000000000e+03
2.741000000000000000e+03
2.720000000000000000e+03
2.750000000000000000e+03
2.751000000000000000e+03
2.791000000000000000e+03
2.823000000000000000e+03
2.841000000000000000e+03
2.920000000000000000e+03
2.964000000000000000e+03
