1.854000000000000000e+03
1.878000000000000000e+03
1.864000000000000000e+03
1.850000000000000000e+03
1.849000000000000000e+03
1.889000000000000000e+03
1.898000000000000000e+03
1.876000000000000000e+03
1.877000000000000000e+03
1.838000000000000000e+03
1.825000000000000000e+03
1.820000000000000000e+03
1.812000000000000000e+03
1.803000000000000000e+03
1.796000000000000000e+03
1.812000000000000000e+03
1.820000000000000000e+03
1.837000000000000000e+03
1.872000000000000000e+03
1.913000000000000000e+03
1.875000000000000000e+03
1.834000000000000000e+03
1.886000000000000000e+03
1.916000000000000000e+03
1.892000000000000000e+03
1.821000000000000000e+03
1.730000000000000000e+03
1.680000000000000000e+03
1.676000000000000000e+03
1.684000000000000000e+03
1.706000000000000000e+03
1.737000000000000000e+03
