1.291000000000000000e+03
1.304000000000000000e+03
1.355000000000000000e+03
1.395000000000000000e+03
1.426000000000000000e+03
1.453000000000000000e+03
1.476000000000000000e+03
1.514000000000000000e+03
1.549000000000000000e+03
1.615000000000000000e+03
1.631000000000000000e+03
1.660000000000000000e+03
1.650000000000000000e+03
1.654000000000000000e+03
1.666000000000000000e+03
1.693000000000000000e+03
1.699000000000000000e+03
1.692000000000000000e+03
1.695000000000000000e+03
1.644000000000000000e+03
1.644000000000000000e+03
1.641000000000000000e+03
1.637000000000000000e+03
1.630000000000000000e+03
1.626000000000000000e+03
1.643000000000000000e+03
1.659000000000000000e+03
1.685000000000000000e+03
1.707000000000000000e+03
1.736000000000000000e+03
1.716000000000000000e+03
1.673000000000000000e+03
