1.965000000000000000e+03
1.949000000000000000e+03
1.933000000000000000e+03
1.913000000000000000e+03
1.914000000000000000e+03
1.929000000000000000e+03
1.921000000000000000e+03
1.943000000000000000e+03
1.972000000000000000e+03
2.002000000000000000e+03
1.955000000000000000e+03
1.921000000000000000e+03
1.973000000000000000e+03
2.006000000000000000e+03
1.988000000000000000e+03
1.919000000000000000e+03
1.826000000000000000e+03
1.784000000000000000e+03
1.773000000000000000e+03
1.770000000000000000e+03
1.810000000000000000e+03
1.848000000000000000e+03
1.825000000000000000e+03
1.823000000000000000e+03
1.889000000000000000e+03
1.945000000000000000e+03
2.080000000000000000e+03
2.143000000000000000e+03
2.167000000000000000e+03
2.225000000000000000e+03
2.265000000000000000e+03
2.317000000000000000e+03
