2.867000000000000000e+03
2.857000000000000000e+03
2.811000000000000000e+03
2.872000000000000000e+03
2.841000000000000000e+03
2.863000000000000000e+03
2.854000000000000000e+03
2.885000000000000000e+03
2.924000000000000000e+03
2.942000000000000000e+03
3.013000000000000000e+03
3.052000000000000000e+03
3.037000000000000000e+03
3.035000000000000000e+03
3.083000000000000000e+03
3.086000000000000000e+03
3.098000000000000000e+03
3.120000000000000000e+03
3.109000000000000000e+03
3.099000000000000000e+03
3.100000000000000000e+03
3.076000000000000000e+03
3.092000000000000000e+03
3.060000000000000000e+03
3.034000000000000000e+03
2.994000000000000000e+03
2.953000000000000000e+03
2.885000000000000000e+03
2.869000000000000000e+03
2.851000000000000000e+03
2.868000000000000000e+03
2.853000000000000000e+03
