1.114420000000000000e+05
1.126760000000000000e+05
1.135100000000000000e+05
1.158110000000000000e+05
1.204220000000000000e+05
1.265490000000000000e+05
1.335050000000000000e+05
1.383440000000000000e+05
1.400020000000000000e+05
1.427230000000000000e+05
1.454580000000000000e+05
1.486290000000000000e+05
1.506420000000000000e+05
1.527450000000000000e+05
1.540430000000000000e+05
1.556230000000000000e+05
1.556960000000000000e+05
1.566690000000000000e+05
1.578640000000000000e+05
1.586370000000000000e+05
1.578730000000000000e+05
1.566760000000000000e+05
1.560120000000000000e+05
1.564510000000000000e+05
1.552350000000000000e+05
1.545370000000000000e+05
1.535890000000000000e+05
1.531720000000000000e+05
1.525640000000000000e+05
1.523760000000000000e+05
1.523660000000000000e+05
1.529790000000000000e+05
