3.930000000000000000e+02
4.110000000000000000e+02
4.360000000000000000e+02
4.370000000000000000e+02
4.530000000000000000e+02
4.570000000000000000e+02
4.530000000000000000e+02
4.580000000000000000e+02
4.820000000000000000e+02
4.940000000000000000e+02
4.940000000000000000e+02
5.130000000000000000e+02
5.210000000000000000e+02
5.460000000000000000e+02
5.570000000000000000e+02
5.580000000000000000e+02
5.780000000000000000e+02
5.990000000000000000e+02
5.840000000000000000e+02
5.860000000000000000e+02
6.020000000000000000e+02
5.810000000000000000e+02
5.990000000000000000e+02
6.070000000000000000e+02
6.260000000000000000e+02
6.400000000000000000e+02
6.490000000000000000e+02
6.500000000000000000e+02
6.760000000000000000e+02
6.650000000000000000e+02
6.770000000000000000e+02
6.850000000000000000e+02
