2.700000000000000000e+03
2.699000000000000000e+03
2.679000000000000000e+03
2.681000000000000000e+03
2.673000000000000000e+03
2.664000000000000000e+03
2.608000000000000000e+03
2.573000000000000000e+03
2.543000000000000000e+03
2.533000000000000000e+03
2.539000000000000000e+03
2.533000000000000000e+03
2.561000000000000000e+03
2.580000000000000000e+03
2.576000000000000000e+03
2.636000000000000000e+03
2.699000000000000000e+03
2.722000000000000000e+03
2.757000000000000000e+03
2.824000000000000000e+03
2.822000000000000000e+03
2.822000000000000000e+03
2.811000000000000000e+03
2.812000000000000000e+03
2.836000000000000000e+03
2.765000000000000000e+03
2.753000000000000000e+03
2.745000000000000000e+03
2.738000000000000000e+03
2.702000000000000000e+03
2.691000000000000000e+03
2.651000000000000000e+03
