1.673000000000000000e+03
1.661000000000000000e+03
1.618000000000000000e+03
1.647000000000000000e+03
1.605000000000000000e+03
1.564000000000000000e+03
1.539000000000000000e+03
1.509000000000000000e+03
1.467000000000000000e+03
1.424000000000000000e+03
1.405000000000000000e+03
1.384000000000000000e+03
1.354000000000000000e+03
1.305000000000000000e+03
1.285000000000000000e+03
1.262000000000000000e+03
1.265000000000000000e+03
1.248000000000000000e+03
1.260000000000000000e+03
1.247000000000000000e+03
1.236000000000000000e+03
1.243000000000000000e+03
1.235000000000000000e+03
1.242000000000000000e+03
1.236000000000000000e+03
1.230000000000000000e+03
1.220000000000000000e+03
1.213000000000000000e+03
1.181000000000000000e+03
1.187000000000000000e+03
1.184000000000000000e+03
1.173000000000000000e+03
