1.083000000000000000e+03
1.117000000000000000e+03
1.147000000000000000e+03
1.193000000000000000e+03
1.162000000000000000e+03
1.142000000000000000e+03
1.119000000000000000e+03
1.135000000000000000e+03
1.142000000000000000e+03
1.135000000000000000e+03
1.129000000000000000e+03
1.124000000000000000e+03
1.121000000000000000e+03
1.113000000000000000e+03
1.164000000000000000e+03
1.229000000000000000e+03
1.300000000000000000e+03
1.331000000000000000e+03
1.373000000000000000e+03
1.408000000000000000e+03
1.440000000000000000e+03
1.514000000000000000e+03
1.515000000000000000e+03
1.571000000000000000e+03
1.575000000000000000e+03
1.582000000000000000e+03
1.610000000000000000e+03
1.627000000000000000e+03
1.599000000000000000e+03
1.614000000000000000e+03
1.688000000000000000e+03
1.660000000000000000e+03
