2.214700000000000000e+04
2.218400000000000000e+04
2.215700000000000000e+04
2.221200000000000000e+04
2.218500000000000000e+04
2.218200000000000000e+04
2.221600000000000000e+04
2.220900000000000000e+04
2.226500000000000000e+04
2.235400000000000000e+04
2.239200000000000000e+04
2.258900000000000000e+04
2.261700000000000000e+04
2.261100000000000000e+04
2.262200000000000000e+04
2.265700000000000000e+04
2.272400000000000000e+04
2.287000000000000000e+04
2.288900000000000000e+04
2.310700000000000000e+04
2.332800000000000000e+04
2.311700000000000000e+04
2.312600000000000000e+04
2.324400000000000000e+04
2.320000000000000000e+04
2.313600000000000000e+04
2.315000000000000000e+04
2.322200000000000000e+04
2.314900000000000000e+04
2.313200000000000000e+04
2.309400000000000000e+04
2.313900000000000000e+04
