3.352700000000000000e+04
3.357600000000000000e+04
3.362600000000000000e+04
3.369600000000000000e+04
3.376600000000000000e+04
3.387800000000000000e+04
3.391000000000000000e+04
3.395700000000000000e+04
3.399800000000000000e+04
3.408800000000000000e+04
3.419100000000000000e+04
3.409200000000000000e+04
3.409400000000000000e+04
3.414600000000000000e+04
3.425000000000000000e+04
3.434500000000000000e+04
3.442700000000000000e+04
3.444800000000000000e+04
3.452900000000000000e+04
3.470100000000000000e+04
3.482300000000000000e+04
3.484600000000000000e+04
3.499400000000000000e+04
3.515100000000000000e+04
3.535400000000000000e+04
3.542100000000000000e+04
3.552200000000000000e+04
3.564200000000000000e+04
3.584800000000000000e+04
3.584300000000000000e+04
3.581300000000000000e+04
3.569500000000000000e+04
