1.034420000000000000e+05
1.028350000000000000e+05
1.027880000000000000e+05
1.025000000000000000e+05
1.028980000000000000e+05
1.032340000000000000e+05
1.035260000000000000e+05
1.038370000000000000e+05
1.036630000000000000e+05
1.045750000000000000e+05
1.054100000000000000e+05
1.063040000000000000e+05
1.070300000000000000e+05
1.076310000000000000e+05
1.056980000000000000e+05
1.034560000000000000e+05
1.003060000000000000e+05
9.956600000000000000e+04
1.009750000000000000e+05
1.019520000000000000e+05
1.026340000000000000e+05
1.039610000000000000e+05
1.052460000000000000e+05
1.071960000000000000e+05
1.114660000000000000e+05
1.170680000000000000e+05
1.235250000000000000e+05
1.279800000000000000e+05
1.294760000000000000e+05
1.318360000000000000e+05
1.344230000000000000e+05
1.372130000000000000e+05
