4.300000000000000000e+03
4.263000000000000000e+03
4.169000000000000000e+03
4.177000000000000000e+03
4.090000000000000000e+03
4.029000000000000000e+03
3.979000000000000000e+03
3.912000000000000000e+03
3.862000000000000000e+03
3.832000000000000000e+03
3.800000000000000000e+03
3.800000000000000000e+03
3.761000000000000000e+03
3.702000000000000000e+03
3.675000000000000000e+03
3.634000000000000000e+03
3.598000000000000000e+03
3.599000000000000000e+03
3.591000000000000000e+03
3.568000000000000000e+03
3.573000000000000000e+03
3.567000000000000000e+03
3.602000000000000000e+03
3.635000000000000000e+03
3.648000000000000000e+03
3.658000000000000000e+03
3.669000000000000000e+03
3.670000000000000000e+03
3.641000000000000000e+03
3.649000000000000000e+03
3.652000000000000000e+03
3.632000000000000000e+03
