1.984923000000000000e+06
1.982603000000000000e+06
1.978334000000000000e+06
1.985557000000000000e+06
1.987755000000000000e+06
1.990272000000000000e+06
1.990094000000000000e+06
1.992035000000000000e+06
1.994026000000000000e+06
1.995718000000000000e+06
1.995033000000000000e+06
1.996773000000000000e+06
1.996433000000000000e+06
1.997004000000000000e+06
1.997590000000000000e+06
2.001114000000000000e+06
2.003358000000000000e+06
2.008516000000000000e+06
2.010377000000000000e+06
2.019406000000000000e+06
2.025866000000000000e+06
2.022629000000000000e+06
2.032362000000000000e+06
2.042335000000000000e+06
2.046976000000000000e+06
2.049261000000000000e+06
2.050189000000000000e+06
2.052496000000000000e+06
2.055496000000000000e+06
2.056262000000000000e+06
2.058821000000000000e+06
2.059114000000000000e+06
