6.060000000000000000e+02
6.310000000000000000e+02
6.400000000000000000e+02
6.830000000000000000e+02
6.970000000000000000e+02
7.110000000000000000e+02
7.250000000000000000e+02
7.450000000000000000e+02
7.290000000000000000e+02
7.380000000000000000e+02
7.380000000000000000e+02
7.380000000000000000e+02
7.450000000000000000e+02
7.460000000000000000e+02
7.600000000000000000e+02
7.630000000000000000e+02
7.790000000000000000e+02
7.830000000000000000e+02
8.140000000000000000e+02
8.080000000000000000e+02
8.100000000000000000e+02
8.140000000000000000e+02
8.200000000000000000e+02
7.850000000000000000e+02
7.930000000000000000e+02
8.080000000000000000e+02
8.190000000000000000e+02
8.240000000000000000e+02
8.070000000000000000e+02
8.220000000000000000e+02
8.510000000000000000e+02
8.890000000000000000e+02
