1.766000000000000000e+03
1.750000000000000000e+03
1.749000000000000000e+03
1.789000000000000000e+03
1.789000000000000000e+03
1.802000000000000000e+03
1.764000000000000000e+03
1.792000000000000000e+03
1.748000000000000000e+03
1.727000000000000000e+03
1.731000000000000000e+03
1.756000000000000000e+03
1.718000000000000000e+03
1.709000000000000000e+03
1.716000000000000000e+03
1.709000000000000000e+03
1.755000000000000000e+03
1.714000000000000000e+03
1.733000000000000000e+03
1.754000000000000000e+03
1.742000000000000000e+03
1.687000000000000000e+03
1.696000000000000000e+03
1.634000000000000000e+03
1.662000000000000000e+03
1.619000000000000000e+03
1.569000000000000000e+03
1.564000000000000000e+03
1.535000000000000000e+03
1.524000000000000000e+03
1.549000000000000000e+03
1.549000000000000000e+03
