1.413000000000000000e+03
1.383000000000000000e+03
1.338000000000000000e+03
1.308000000000000000e+03
1.270000000000000000e+03
1.252000000000000000e+03
1.248000000000000000e+03
1.230000000000000000e+03
1.245000000000000000e+03
1.238000000000000000e+03
1.220000000000000000e+03
1.240000000000000000e+03
1.227000000000000000e+03
1.232000000000000000e+03
1.224000000000000000e+03
1.220000000000000000e+03
1.199000000000000000e+03
1.203000000000000000e+03
1.175000000000000000e+03
1.184000000000000000e+03
1.188000000000000000e+03
1.179000000000000000e+03
1.176000000000000000e+03
1.169000000000000000e+03
1.154000000000000000e+03
1.151000000000000000e+03
1.150000000000000000e+03
1.157000000000000000e+03
1.156000000000000000e+03
1.140000000000000000e+03
1.152000000000000000e+03
1.148000000000000000e+03
