1.814000000000000000e+03
1.824000000000000000e+03
1.820000000000000000e+03
1.814000000000000000e+03
1.786000000000000000e+03
1.804000000000000000e+03
1.799000000000000000e+03
1.791000000000000000e+03
1.798000000000000000e+03
1.816000000000000000e+03
1.837000000000000000e+03
1.833000000000000000e+03
1.846000000000000000e+03
1.826000000000000000e+03
1.829000000000000000e+03
1.824000000000000000e+03
1.836000000000000000e+03
1.835000000000000000e+03
1.787000000000000000e+03
1.787000000000000000e+03
1.820000000000000000e+03
1.796000000000000000e+03
1.785000000000000000e+03
1.779000000000000000e+03
1.779000000000000000e+03
1.721000000000000000e+03
1.739000000000000000e+03
1.734000000000000000e+03
1.792000000000000000e+03
1.798000000000000000e+03
1.803000000000000000e+03
1.791000000000000000e+03
