1.528000000000000000e+03
1.538000000000000000e+03
1.549000000000000000e+03
1.591000000000000000e+03
1.576000000000000000e+03
1.612000000000000000e+03
1.649000000000000000e+03
1.675000000000000000e+03
1.705000000000000000e+03
1.733000000000000000e+03
1.753000000000000000e+03
1.805000000000000000e+03
1.790000000000000000e+03
1.770000000000000000e+03
1.770000000000000000e+03
1.804000000000000000e+03
1.772000000000000000e+03
1.754000000000000000e+03
1.728000000000000000e+03
1.711000000000000000e+03
1.670000000000000000e+03
1.589000000000000000e+03
1.576000000000000000e+03
1.575000000000000000e+03
1.553000000000000000e+03
1.516000000000000000e+03
1.522000000000000000e+03
1.513000000000000000e+03
1.491000000000000000e+03
1.464000000000000000e+03
1.493000000000000000e+03
1.520000000000000000e+03
