1.710000000000000000e+03
1.730000000000000000e+03
1.703000000000000000e+03
1.701000000000000000e+03
1.709000000000000000e+03
1.699000000000000000e+03
1.740000000000000000e+03
1.713000000000000000e+03
1.730000000000000000e+03
1.757000000000000000e+03
1.732000000000000000e+03
1.696000000000000000e+03
1.712000000000000000e+03
1.658000000000000000e+03
1.660000000000000000e+03
1.622000000000000000e+03
1.561000000000000000e+03
1.557000000000000000e+03
1.517000000000000000e+03
1.518000000000000000e+03
1.532000000000000000e+03
1.520000000000000000e+03
1.538000000000000000e+03
1.573000000000000000e+03
1.547000000000000000e+03
1.561000000000000000e+03
1.591000000000000000e+03
1.602000000000000000e+03
1.622000000000000000e+03
1.630000000000000000e+03
1.628000000000000000e+03
1.655000000000000000e+03
