5.815000000000000000e+03
5.773000000000000000e+03
5.687000000000000000e+03
5.650000000000000000e+03
5.568000000000000000e+03
5.541000000000000000e+03
5.467000000000000000e+03
5.403000000000000000e+03
5.348000000000000000e+03
5.296000000000000000e+03
5.237000000000000000e+03
5.171000000000000000e+03
5.125000000000000000e+03
5.119000000000000000e+03
5.109000000000000000e+03
5.098000000000000000e+03
5.046000000000000000e+03
5.014000000000000000e+03
5.003000000000000000e+03
4.993000000000000000e+03
4.989000000000000000e+03
4.988000000000000000e+03
5.027000000000000000e+03
5.084000000000000000e+03
5.144000000000000000e+03
5.172000000000000000e+03
5.233000000000000000e+03
5.233000000000000000e+03
5.281000000000000000e+03
5.286000000000000000e+03
5.365000000000000000e+03
5.347000000000000000e+03
