1.865000000000000000e+03
1.838000000000000000e+03
1.839000000000000000e+03
1.828000000000000000e+03
1.819000000000000000e+03
1.796000000000000000e+03
1.800000000000000000e+03
1.792000000000000000e+03
1.731000000000000000e+03
1.701000000000000000e+03
1.683000000000000000e+03
1.711000000000000000e+03
1.701000000000000000e+03
1.706000000000000000e+03
1.741000000000000000e+03
1.710000000000000000e+03
1.734000000000000000e+03
1.737000000000000000e+03
1.779000000000000000e+03
1.825000000000000000e+03
1.873000000000000000e+03
1.817000000000000000e+03
1.865000000000000000e+03
1.879000000000000000e+03
1.847000000000000000e+03
1.866000000000000000e+03
1.852000000000000000e+03
1.833000000000000000e+03
1.779000000000000000e+03
1.789000000000000000e+03
1.785000000000000000e+03
1.774000000000000000e+03
