1.423290000000000000e+05
1.418000000000000000e+05
1.416560000000000000e+05
1.424490000000000000e+05
1.437000000000000000e+05
1.446260000000000000e+05
1.462840000000000000e+05
1.479230000000000000e+05
1.488180000000000000e+05
1.495600000000000000e+05
1.497990000000000000e+05
1.505260000000000000e+05
1.512400000000000000e+05
1.520650000000000000e+05
1.523570000000000000e+05
1.535020000000000000e+05
1.534010000000000000e+05
1.537410000000000000e+05
1.531710000000000000e+05
1.539900000000000000e+05
1.541930000000000000e+05
1.517950000000000000e+05
1.514490000000000000e+05
1.510360000000000000e+05
1.496390000000000000e+05
1.479850000000000000e+05
1.455350000000000000e+05
1.430040000000000000e+05
1.413620000000000000e+05
1.396550000000000000e+05
1.389040000000000000e+05
1.380640000000000000e+05
