2.496000000000000000e+03
2.493000000000000000e+03
2.553000000000000000e+03
2.550000000000000000e+03
2.552000000000000000e+03
2.617000000000000000e+03
2.649000000000000000e+03
2.663000000000000000e+03
2.699000000000000000e+03
2.738000000000000000e+03
2.748000000000000000e+03
2.724000000000000000e+03
2.713000000000000000e+03
2.701000000000000000e+03
2.703000000000000000e+03
2.672000000000000000e+03
2.659000000000000000e+03
2.653000000000000000e+03
2.617000000000000000e+03
2.639000000000000000e+03
2.610000000000000000e+03
2.568000000000000000e+03
2.596000000000000000e+03
2.595000000000000000e+03
2.640000000000000000e+03
2.634000000000000000e+03
2.616000000000000000e+03
2.596000000000000000e+03
2.576000000000000000e+03
2.502000000000000000e+03
2.454000000000000000e+03
2.395000000000000000e+03
