9.100000000000000000e+02
9.010000000000000000e+02
8.960000000000000000e+02
9.110000000000000000e+02
9.110000000000000000e+02
9.040000000000000000e+02
9.180000000000000000e+02
9.360000000000000000e+02
9.360000000000000000e+02
9.190000000000000000e+02
9.030000000000000000e+02
9.080000000000000000e+02
9.130000000000000000e+02
9.110000000000000000e+02
9.420000000000000000e+02
9.250000000000000000e+02
9.440000000000000000e+02
9.240000000000000000e+02
9.470000000000000000e+02
9.690000000000000000e+02
9.880000000000000000e+02
1.024000000000000000e+03
1.056000000000000000e+03
1.089000000000000000e+03
1.061000000000000000e+03
1.035000000000000000e+03
1.005000000000000000e+03
1.030000000000000000e+03
1.033000000000000000e+03
1.016000000000000000e+03
1.009000000000000000e+03
1.014000000000000000e+03
