2.409600000000000000e+04
2.251700000000000000e+04
2.122800000000000000e+04
2.050600000000000000e+04
2.114900000000000000e+04
2.203100000000000000e+04
2.380200000000000000e+04
2.581800000000000000e+04
2.818200000000000000e+04
3.044200000000000000e+04
3.279100000000000000e+04
3.515100000000000000e+04
3.738600000000000000e+04
3.911700000000000000e+04
3.983600000000000000e+04
4.101800000000000000e+04
4.205500000000000000e+04
4.303100000000000000e+04
4.378100000000000000e+04
4.462800000000000000e+04
4.556800000000000000e+04
4.627300000000000000e+04
4.708700000000000000e+04
4.777100000000000000e+04
4.866800000000000000e+04
4.970900000000000000e+04
5.095900000000000000e+04
5.195800000000000000e+04
5.269600000000000000e+04
5.335500000000000000e+04
5.412000000000000000e+04
5.470400000000000000e+04
