1.674000000000000000e+03
1.673000000000000000e+03
1.674000000000000000e+03
1.687000000000000000e+03
1.720000000000000000e+03
1.681000000000000000e+03
1.674000000000000000e+03
1.667000000000000000e+03
1.742000000000000000e+03
1.757000000000000000e+03
1.787000000000000000e+03
1.792000000000000000e+03
1.829000000000000000e+03
1.835000000000000000e+03
1.819000000000000000e+03
1.849000000000000000e+03
1.851000000000000000e+03
1.846000000000000000e+03
1.815000000000000000e+03
1.863000000000000000e+03
1.877000000000000000e+03
1.817000000000000000e+03
1.827000000000000000e+03
1.775000000000000000e+03
1.789000000000000000e+03
1.753000000000000000e+03
1.748000000000000000e+03
1.737000000000000000e+03
1.741000000000000000e+03
1.689000000000000000e+03
1.679000000000000000e+03
1.661000000000000000e+03
