3.380680000000000000e+05
3.330340000000000000e+05
3.286290000000000000e+05
3.253030000000000000e+05
3.203740000000000000e+05
3.169380000000000000e+05
3.134060000000000000e+05
3.101160000000000000e+05
3.067210000000000000e+05
3.028200000000000000e+05
2.991190000000000000e+05
2.948480000000000000e+05
2.915100000000000000e+05
2.888860000000000000e+05
2.866780000000000000e+05
2.848760000000000000e+05
2.832210000000000000e+05
2.814610000000000000e+05
2.810790000000000000e+05
2.810520000000000000e+05
2.810810000000000000e+05
2.820000000000000000e+05
2.840540000000000000e+05
2.855090000000000000e+05
2.872750000000000000e+05
2.890410000000000000e+05
2.908530000000000000e+05
2.921480000000000000e+05
2.941490000000000000e+05
2.955330000000000000e+05
2.980950000000000000e+05
2.992880000000000000e+05
