1.240000000000000000e+02
1.230000000000000000e+02
1.230000000000000000e+02
1.270000000000000000e+02
1.430000000000000000e+02
1.390000000000000000e+02
1.430000000000000000e+02
1.290000000000000000e+02
1.150000000000000000e+02
1.040000000000000000e+02
9.400000000000000000e+01
9.600000000000000000e+01
8.800000000000000000e+01
9.900000000000000000e+01
1.050000000000000000e+02
1.090000000000000000e+02
1.200000000000000000e+02
1.310000000000000000e+02
1.470000000000000000e+02
1.560000000000000000e+02
1.610000000000000000e+02
1.710000000000000000e+02
1.820000000000000000e+02
1.840000000000000000e+02
1.830000000000000000e+02
1.970000000000000000e+02
1.990000000000000000e+02
2.000000000000000000e+02
1.920000000000000000e+02
2.040000000000000000e+02
2.050000000000000000e+02
2.230000000000000000e+02
