8.500000000000000000e+02
8.400000000000000000e+02
8.500000000000000000e+02
8.560000000000000000e+02
8.730000000000000000e+02
8.710000000000000000e+02
8.900000000000000000e+02
8.730000000000000000e+02
9.040000000000000000e+02
8.890000000000000000e+02
8.920000000000000000e+02
9.160000000000000000e+02
9.200000000000000000e+02
8.890000000000000000e+02
9.040000000000000000e+02
9.240000000000000000e+02
9.380000000000000000e+02
9.480000000000000000e+02
9.270000000000000000e+02
9.470000000000000000e+02
9.760000000000000000e+02
9.900000000000000000e+02
1.019000000000000000e+03
1.049000000000000000e+03
1.044000000000000000e+03
1.024000000000000000e+03
9.980000000000000000e+02
9.920000000000000000e+02
1.016000000000000000e+03
1.034000000000000000e+03
1.012000000000000000e+03
1.018000000000000000e+03
