4.034000000000000000e+03
4.118000000000000000e+03
4.153000000000000000e+03
4.199000000000000000e+03
4.257000000000000000e+03
4.295000000000000000e+03
4.330000000000000000e+03
4.413000000000000000e+03
4.471000000000000000e+03
4.515000000000000000e+03
4.544000000000000000e+03
4.572000000000000000e+03
4.626000000000000000e+03
4.633000000000000000e+03
4.711000000000000000e+03
4.774000000000000000e+03
4.818000000000000000e+03
4.845000000000000000e+03
4.888000000000000000e+03
4.976000000000000000e+03
5.050000000000000000e+03
5.166000000000000000e+03
5.261000000000000000e+03
5.354000000000000000e+03
5.411000000000000000e+03
5.445000000000000000e+03
5.464000000000000000e+03
5.494000000000000000e+03
5.514000000000000000e+03
5.575000000000000000e+03
5.621000000000000000e+03
5.676000000000000000e+03
