1.552900000000000000e+05
1.540890000000000000e+05
1.524580000000000000e+05
1.518150000000000000e+05
1.513980000000000000e+05
1.492190000000000000e+05
1.472420000000000000e+05
1.454460000000000000e+05
1.444050000000000000e+05
1.434900000000000000e+05
1.432030000000000000e+05
1.430890000000000000e+05
1.435570000000000000e+05
1.437140000000000000e+05
1.443760000000000000e+05
1.454990000000000000e+05
1.473920000000000000e+05
1.493650000000000000e+05
1.500540000000000000e+05
1.518800000000000000e+05
1.531280000000000000e+05
1.527800000000000000e+05
1.547400000000000000e+05
1.569860000000000000e+05
1.579660000000000000e+05
1.582910000000000000e+05
1.581200000000000000e+05
1.577650000000000000e+05
1.574520000000000000e+05
1.568810000000000000e+05
1.561390000000000000e+05
1.547280000000000000e+05
