2.110000000000000000e+02
2.060000000000000000e+02
2.010000000000000000e+02
1.960000000000000000e+02
1.990000000000000000e+02
1.970000000000000000e+02
2.030000000000000000e+02
2.150000000000000000e+02
2.440000000000000000e+02
2.690000000000000000e+02
2.900000000000000000e+02
3.180000000000000000e+02
3.440000000000000000e+02
3.430000000000000000e+02
3.280000000000000000e+02
3.460000000000000000e+02
3.550000000000000000e+02
3.550000000000000000e+02
3.530000000000000000e+02
3.620000000000000000e+02
3.740000000000000000e+02
3.920000000000000000e+02
3.820000000000000000e+02
3.980000000000000000e+02
4.020000000000000000e+02
4.140000000000000000e+02
4.170000000000000000e+02
4.400000000000000000e+02
4.400000000000000000e+02
4.600000000000000000e+02
4.680000000000000000e+02
4.670000000000000000e+02
