1.501200000000000000e+04
1.509400000000000000e+04
1.513500000000000000e+04
1.516400000000000000e+04
1.519700000000000000e+04
1.526800000000000000e+04
1.532200000000000000e+04
1.532500000000000000e+04
1.535000000000000000e+04
1.542100000000000000e+04
1.548700000000000000e+04
1.557900000000000000e+04
1.558300000000000000e+04
1.561100000000000000e+04
1.563200000000000000e+04
1.568900000000000000e+04
1.566200000000000000e+04
1.570800000000000000e+04
1.564500000000000000e+04
1.563400000000000000e+04
1.564500000000000000e+04
1.523600000000000000e+04
1.511300000000000000e+04
1.518300000000000000e+04
1.521100000000000000e+04
1.520600000000000000e+04
1.515600000000000000e+04
1.518600000000000000e+04
1.507300000000000000e+04
1.500100000000000000e+04
1.498800000000000000e+04
1.501500000000000000e+04
