2.233000000000000000e+03
2.263000000000000000e+03
2.310000000000000000e+03
2.357000000000000000e+03
2.412000000000000000e+03
2.430000000000000000e+03
2.474000000000000000e+03
2.500000000000000000e+03
2.549000000000000000e+03
2.575000000000000000e+03
2.587000000000000000e+03
2.641000000000000000e+03
2.675000000000000000e+03
2.665000000000000000e+03
2.725000000000000000e+03
2.753000000000000000e+03
2.816000000000000000e+03
2.858000000000000000e+03
2.878000000000000000e+03
2.903000000000000000e+03
2.962000000000000000e+03
2.929000000000000000e+03
3.025000000000000000e+03
3.059000000000000000e+03
3.095000000000000000e+03
3.112000000000000000e+03
3.118000000000000000e+03
3.143000000000000000e+03
3.176000000000000000e+03
3.210000000000000000e+03
3.243000000000000000e+03
3.309000000000000000e+03
