9.567900000000000000e+04
9.444900000000000000e+04
9.364600000000000000e+04
9.305200000000000000e+04
9.198300000000000000e+04
9.170600000000000000e+04
9.127900000000000000e+04
9.070500000000000000e+04
9.016700000000000000e+04
8.959400000000000000e+04
8.962300000000000000e+04
8.918400000000000000e+04
8.896700000000000000e+04
8.914200000000000000e+04
8.946200000000000000e+04
8.935100000000000000e+04
8.946700000000000000e+04
8.994600000000000000e+04
9.101100000000000000e+04
9.207400000000000000e+04
9.295000000000000000e+04
9.553900000000000000e+04
9.826600000000000000e+04
1.002980000000000000e+05
1.024180000000000000e+05
1.044800000000000000e+05
1.065820000000000000e+05
1.079350000000000000e+05
1.094100000000000000e+05
1.102940000000000000e+05
1.113420000000000000e+05
1.108380000000000000e+05
