2.367800000000000000e+04
2.368500000000000000e+04
2.378600000000000000e+04
2.384700000000000000e+04
2.394100000000000000e+04
2.404200000000000000e+04
2.411300000000000000e+04
2.414100000000000000e+04
2.417900000000000000e+04
2.427700000000000000e+04
2.441000000000000000e+04
2.434900000000000000e+04
2.434300000000000000e+04
2.439400000000000000e+04
2.443000000000000000e+04
2.447300000000000000e+04
2.456300000000000000e+04
2.458900000000000000e+04
2.463800000000000000e+04
2.473200000000000000e+04
2.478400000000000000e+04
2.469200000000000000e+04
2.470600000000000000e+04
2.471300000000000000e+04
2.479900000000000000e+04
2.480400000000000000e+04
2.482500000000000000e+04
2.491500000000000000e+04
2.505300000000000000e+04
2.498200000000000000e+04
2.482700000000000000e+04
2.467200000000000000e+04
