2.685000000000000000e+03
2.690000000000000000e+03
2.657000000000000000e+03
2.725000000000000000e+03
2.698000000000000000e+03
2.706000000000000000e+03
2.680000000000000000e+03
2.701000000000000000e+03
2.692000000000000000e+03
2.726000000000000000e+03
2.705000000000000000e+03
2.689000000000000000e+03
2.674000000000000000e+03
2.650000000000000000e+03
2.683000000000000000e+03
2.658000000000000000e+03
2.691000000000000000e+03
2.685000000000000000e+03
2.687000000000000000e+03
2.692000000000000000e+03
2.759000000000000000e+03
2.757000000000000000e+03
2.771000000000000000e+03
2.767000000000000000e+03
2.749000000000000000e+03
2.744000000000000000e+03
2.711000000000000000e+03
2.703000000000000000e+03
2.705000000000000000e+03
2.696000000000000000e+03
2.662000000000000000e+03
2.656000000000000000e+03
