1.821000000000000000e+03
1.823000000000000000e+03
1.808000000000000000e+03
1.763000000000000000e+03
1.767000000000000000e+03
1.757000000000000000e+03
1.736000000000000000e+03
1.724000000000000000e+03
1.717000000000000000e+03
1.691000000000000000e+03
1.667000000000000000e+03
1.676000000000000000e+03
1.629000000000000000e+03
1.649000000000000000e+03
1.613000000000000000e+03
1.578000000000000000e+03
1.544000000000000000e+03
1.525000000000000000e+03
1.483000000000000000e+03
1.446000000000000000e+03
1.426000000000000000e+03
1.372000000000000000e+03
1.311000000000000000e+03
1.307000000000000000e+03
1.284000000000000000e+03
1.262000000000000000e+03
1.250000000000000000e+03
1.240000000000000000e+03
1.224000000000000000e+03
1.224000000000000000e+03
1.177000000000000000e+03
1.229000000000000000e+03
