2.688000000000000000e+03
2.688000000000000000e+03
2.687000000000000000e+03
2.652000000000000000e+03
2.683000000000000000e+03
2.661000000000000000e+03
2.700000000000000000e+03
2.681000000000000000e+03
2.672000000000000000e+03
2.680000000000000000e+03
2.732000000000000000e+03
2.725000000000000000e+03
2.699000000000000000e+03
2.707000000000000000e+03
2.691000000000000000e+03
2.695000000000000000e+03
2.648000000000000000e+03
2.614000000000000000e+03
2.594000000000000000e+03
2.599000000000000000e+03
2.598000000000000000e+03
2.602000000000000000e+03
2.652000000000000000e+03
2.651000000000000000e+03
2.679000000000000000e+03
2.719000000000000000e+03
2.778000000000000000e+03
2.827000000000000000e+03
2.882000000000000000e+03
2.883000000000000000e+03
2.881000000000000000e+03
2.853000000000000000e+03
