1.200000000000000000e+03
1.208000000000000000e+03
1.237000000000000000e+03
1.260000000000000000e+03
1.277000000000000000e+03
1.321000000000000000e+03
1.306000000000000000e+03
1.302000000000000000e+03
1.308000000000000000e+03
1.342000000000000000e+03
1.353000000000000000e+03
1.326000000000000000e+03
1.308000000000000000e+03
1.317000000000000000e+03
1.266000000000000000e+03
1.265000000000000000e+03
1.237000000000000000e+03
1.236000000000000000e+03
1.218000000000000000e+03
1.225000000000000000e+03
1.224000000000000000e+03
1.227000000000000000e+03
1.236000000000000000e+03
1.259000000000000000e+03
1.258000000000000000e+03
1.238000000000000000e+03
1.244000000000000000e+03
1.248000000000000000e+03
1.245000000000000000e+03
1.264000000000000000e+03
1.315000000000000000e+03
1.359000000000000000e+03
