4.384000000000000000e+03
4.364000000000000000e+03
4.397000000000000000e+03
4.440000000000000000e+03
4.446000000000000000e+03
4.487000000000000000e+03
4.508000000000000000e+03
4.533000000000000000e+03
4.549000000000000000e+03
4.577000000000000000e+03
4.560000000000000000e+03
4.582000000000000000e+03
4.602000000000000000e+03
4.639000000000000000e+03
4.618000000000000000e+03
4.614000000000000000e+03
4.645000000000000000e+03
4.674000000000000000e+03
4.693000000000000000e+03
4.742000000000000000e+03
4.815000000000000000e+03
4.921000000000000000e+03
5.029000000000000000e+03
5.065000000000000000e+03
5.093000000000000000e+03
5.109000000000000000e+03
5.113000000000000000e+03
5.147000000000000000e+03
5.187000000000000000e+03
5.253000000000000000e+03
5.298000000000000000e+03
5.353000000000000000e+03
