4.350000000000000000e+02
4.030000000000000000e+02
3.900000000000000000e+02
3.800000000000000000e+02
3.890000000000000000e+02
4.100000000000000000e+02
4.280000000000000000e+02
4.410000000000000000e+02
4.700000000000000000e+02
5.070000000000000000e+02
5.320000000000000000e+02
5.800000000000000000e+02
6.090000000000000000e+02
6.090000000000000000e+02
6.100000000000000000e+02
6.110000000000000000e+02
6.290000000000000000e+02
6.610000000000000000e+02
6.830000000000000000e+02
6.720000000000000000e+02
6.730000000000000000e+02
7.000000000000000000e+02
7.130000000000000000e+02
7.320000000000000000e+02
7.590000000000000000e+02
7.780000000000000000e+02
7.750000000000000000e+02
7.830000000000000000e+02
8.040000000000000000e+02
8.130000000000000000e+02
8.130000000000000000e+02
7.990000000000000000e+02
