2.405000000000000000e+03
2.446000000000000000e+03
2.436000000000000000e+03
2.486000000000000000e+03
2.501000000000000000e+03
2.548000000000000000e+03
2.506000000000000000e+03
2.489000000000000000e+03
2.512000000000000000e+03
2.581000000000000000e+03
2.587000000000000000e+03
2.584000000000000000e+03
2.610000000000000000e+03
2.563000000000000000e+03
2.546000000000000000e+03
2.516000000000000000e+03
2.504000000000000000e+03
2.511000000000000000e+03
2.461000000000000000e+03
2.396000000000000000e+03
2.372000000000000000e+03
2.356000000000000000e+03
2.345000000000000000e+03
2.389000000000000000e+03
2.398000000000000000e+03
2.355000000000000000e+03
2.380000000000000000e+03
2.381000000000000000e+03
2.393000000000000000e+03
2.402000000000000000e+03
2.431000000000000000e+03
2.393000000000000000e+03
