2.473000000000000000e+03
2.456000000000000000e+03
2.428000000000000000e+03
2.431000000000000000e+03
2.417000000000000000e+03
2.384000000000000000e+03
2.327000000000000000e+03
2.283000000000000000e+03
2.258000000000000000e+03
2.220000000000000000e+03
2.185000000000000000e+03
2.173000000000000000e+03
2.173000000000000000e+03
2.113000000000000000e+03
2.108000000000000000e+03
2.078000000000000000e+03
2.086000000000000000e+03
2.108000000000000000e+03
2.082000000000000000e+03
2.033000000000000000e+03
2.000000000000000000e+03
1.920000000000000000e+03
1.892000000000000000e+03
1.911000000000000000e+03
1.793000000000000000e+03
1.770000000000000000e+03
1.671000000000000000e+03
1.697000000000000000e+03
1.644000000000000000e+03
1.679000000000000000e+03
1.595000000000000000e+03
1.651000000000000000e+03
