1.572000000000000000e+03
1.551000000000000000e+03
1.545000000000000000e+03
1.551000000000000000e+03
1.518000000000000000e+03
1.477000000000000000e+03
1.491000000000000000e+03
1.486000000000000000e+03
1.472000000000000000e+03
1.476000000000000000e+03
1.520000000000000000e+03
1.549000000000000000e+03
1.592000000000000000e+03
1.580000000000000000e+03
1.597000000000000000e+03
1.598000000000000000e+03
1.587000000000000000e+03
1.554000000000000000e+03
1.574000000000000000e+03
1.600000000000000000e+03
1.589000000000000000e+03
1.609000000000000000e+03
1.584000000000000000e+03
1.604000000000000000e+03
1.661000000000000000e+03
1.710000000000000000e+03
1.767000000000000000e+03
1.838000000000000000e+03
1.875000000000000000e+03
1.879000000000000000e+03
1.913000000000000000e+03
1.982000000000000000e+03
