1.929000000000000000e+03
1.901000000000000000e+03
1.871000000000000000e+03
1.867000000000000000e+03
1.809000000000000000e+03
1.762000000000000000e+03
1.717000000000000000e+03
1.681000000000000000e+03
1.677000000000000000e+03
1.672000000000000000e+03
1.663000000000000000e+03
1.659000000000000000e+03
1.655000000000000000e+03
1.648000000000000000e+03
1.662000000000000000e+03
1.673000000000000000e+03
1.660000000000000000e+03
1.652000000000000000e+03
1.631000000000000000e+03
1.617000000000000000e+03
1.619000000000000000e+03
1.610000000000000000e+03
1.616000000000000000e+03
1.611000000000000000e+03
1.598000000000000000e+03
1.595000000000000000e+03
1.627000000000000000e+03
1.634000000000000000e+03
1.622000000000000000e+03
1.626000000000000000e+03
1.649000000000000000e+03
1.646000000000000000e+03
