1.687000000000000000e+03
1.656000000000000000e+03
1.635000000000000000e+03
1.655000000000000000e+03
1.720000000000000000e+03
1.770000000000000000e+03
1.836000000000000000e+03
1.918000000000000000e+03
1.949000000000000000e+03
1.966000000000000000e+03
1.996000000000000000e+03
2.062000000000000000e+03
2.081000000000000000e+03
2.112000000000000000e+03
2.134000000000000000e+03
2.152000000000000000e+03
2.197000000000000000e+03
2.223000000000000000e+03
2.260000000000000000e+03
2.307000000000000000e+03
2.354000000000000000e+03
2.316000000000000000e+03
2.332000000000000000e+03
2.386000000000000000e+03
2.379000000000000000e+03
2.396000000000000000e+03
2.386000000000000000e+03
2.424000000000000000e+03
2.430000000000000000e+03
2.419000000000000000e+03
2.418000000000000000e+03
2.468000000000000000e+03
