1.590000000000000000e+03
1.599000000000000000e+03
1.638000000000000000e+03
1.647000000000000000e+03
1.655000000000000000e+03
1.638000000000000000e+03
1.621000000000000000e+03
1.592000000000000000e+03
1.602000000000000000e+03
1.625000000000000000e+03
1.613000000000000000e+03
1.630000000000000000e+03
1.606000000000000000e+03
1.624000000000000000e+03
1.697000000000000000e+03
1.760000000000000000e+03
1.829000000000000000e+03
1.911000000000000000e+03
1.949000000000000000e+03
1.948000000000000000e+03
1.987000000000000000e+03
2.039000000000000000e+03
2.084000000000000000e+03
2.117000000000000000e+03
2.136000000000000000e+03
2.164000000000000000e+03
2.204000000000000000e+03
2.226000000000000000e+03
2.248000000000000000e+03
2.290000000000000000e+03
2.331000000000000000e+03
2.293000000000000000e+03
