7.630000000000000000e+02
8.210000000000000000e+02
8.560000000000000000e+02
8.650000000000000000e+02
8.760000000000000000e+02
8.790000000000000000e+02
9.140000000000000000e+02
9.490000000000000000e+02
9.650000000000000000e+02
9.500000000000000000e+02
9.300000000000000000e+02
9.380000000000000000e+02
9.570000000000000000e+02
9.720000000000000000e+02
1.006000000000000000e+03
1.040000000000000000e+03
1.055000000000000000e+03
1.053000000000000000e+03
1.060000000000000000e+03
1.092000000000000000e+03
1.105000000000000000e+03
1.094000000000000000e+03
1.094000000000000000e+03
1.105000000000000000e+03
1.068000000000000000e+03
1.071000000000000000e+03
1.055000000000000000e+03
1.071000000000000000e+03
1.067000000000000000e+03
1.083000000000000000e+03
1.084000000000000000e+03
1.065000000000000000e+03
