3.298000000000000000e+03
3.222000000000000000e+03
3.172000000000000000e+03
3.138000000000000000e+03
3.070000000000000000e+03
3.021000000000000000e+03
3.000000000000000000e+03
2.945000000000000000e+03
2.924000000000000000e+03
2.883000000000000000e+03
2.823000000000000000e+03
2.763000000000000000e+03
2.722000000000000000e+03
2.683000000000000000e+03
2.632000000000000000e+03
2.568000000000000000e+03
2.547000000000000000e+03
2.516000000000000000e+03
2.468000000000000000e+03
2.413000000000000000e+03
2.415000000000000000e+03
2.413000000000000000e+03
2.411000000000000000e+03
2.401000000000000000e+03
2.435000000000000000e+03
2.441000000000000000e+03
2.455000000000000000e+03
2.432000000000000000e+03
2.468000000000000000e+03
2.496000000000000000e+03
2.511000000000000000e+03
2.508000000000000000e+03
