1.387000000000000000e+03
1.397000000000000000e+03
1.427000000000000000e+03
1.438000000000000000e+03
1.505000000000000000e+03
1.494000000000000000e+03
1.489000000000000000e+03
1.518000000000000000e+03
1.454000000000000000e+03
1.442000000000000000e+03
1.439000000000000000e+03
1.446000000000000000e+03
1.432000000000000000e+03
1.427000000000000000e+03
1.410000000000000000e+03
1.429000000000000000e+03
1.411000000000000000e+03
1.380000000000000000e+03
1.349000000000000000e+03
1.335000000000000000e+03
1.337000000000000000e+03
1.064000000000000000e+03
1.010000000000000000e+03
9.900000000000000000e+02
9.690000000000000000e+02
9.460000000000000000e+02
9.200000000000000000e+02
9.050000000000000000e+02
8.950000000000000000e+02
8.910000000000000000e+02
8.620000000000000000e+02
8.030000000000000000e+02
