1.155000000000000000e+03
1.143000000000000000e+03
1.153000000000000000e+03
1.141000000000000000e+03
1.116000000000000000e+03
1.105000000000000000e+03
1.086000000000000000e+03
1.049000000000000000e+03
1.035000000000000000e+03
1.046000000000000000e+03
1.020000000000000000e+03
1.023000000000000000e+03
1.009000000000000000e+03
1.005000000000000000e+03
9.900000000000000000e+02
1.009000000000000000e+03
1.018000000000000000e+03
1.061000000000000000e+03
1.077000000000000000e+03
1.086000000000000000e+03
1.091000000000000000e+03
1.079000000000000000e+03
1.056000000000000000e+03
9.970000000000000000e+02
9.800000000000000000e+02
9.200000000000000000e+02
8.700000000000000000e+02
8.380000000000000000e+02
8.790000000000000000e+02
8.570000000000000000e+02
8.760000000000000000e+02
9.150000000000000000e+02
