1.446000000000000000e+03
1.438000000000000000e+03
1.423000000000000000e+03
1.432000000000000000e+03
1.408000000000000000e+03
1.423000000000000000e+03
1.395000000000000000e+03
1.359000000000000000e+03
1.334000000000000000e+03
1.299000000000000000e+03
1.282000000000000000e+03
1.285000000000000000e+03
1.271000000000000000e+03
1.243000000000000000e+03
1.243000000000000000e+03
1.227000000000000000e+03
1.206000000000000000e+03
1.201000000000000000e+03
1.199000000000000000e+03
1.209000000000000000e+03
1.165000000000000000e+03
1.052000000000000000e+03
9.900000000000000000e+02
9.950000000000000000e+02
9.400000000000000000e+02
9.310000000000000000e+02
8.840000000000000000e+02
8.800000000000000000e+02
8.200000000000000000e+02
8.340000000000000000e+02
7.800000000000000000e+02
8.060000000000000000e+02
