2.039900000000000000e+04
2.031700000000000000e+04
2.029400000000000000e+04
2.037300000000000000e+04
2.044700000000000000e+04
2.037800000000000000e+04
2.040500000000000000e+04
2.035500000000000000e+04
2.030200000000000000e+04
2.014600000000000000e+04
2.002000000000000000e+04
1.998800000000000000e+04
1.998700000000000000e+04
1.991700000000000000e+04
1.986300000000000000e+04
1.981000000000000000e+04
1.977600000000000000e+04
1.977100000000000000e+04
1.970800000000000000e+04
1.969800000000000000e+04
1.967200000000000000e+04
1.923200000000000000e+04
1.911300000000000000e+04
1.909700000000000000e+04
1.911000000000000000e+04
1.914000000000000000e+04
1.908700000000000000e+04
1.901100000000000000e+04
1.899300000000000000e+04
1.904800000000000000e+04
1.896200000000000000e+04
1.895000000000000000e+04
