1.435000000000000000e+03
1.395000000000000000e+03
1.337000000000000000e+03
1.346000000000000000e+03
1.319000000000000000e+03
1.283000000000000000e+03
1.218000000000000000e+03
1.165000000000000000e+03
1.146000000000000000e+03
1.117000000000000000e+03
1.086000000000000000e+03
1.074000000000000000e+03
1.083000000000000000e+03
1.046000000000000000e+03
1.081000000000000000e+03
1.094000000000000000e+03
1.093000000000000000e+03
1.153000000000000000e+03
1.175000000000000000e+03
1.205000000000000000e+03
1.226000000000000000e+03
1.220000000000000000e+03
1.240000000000000000e+03
1.295000000000000000e+03
1.286000000000000000e+03
1.287000000000000000e+03
1.294000000000000000e+03
1.269000000000000000e+03
1.255000000000000000e+03
1.242000000000000000e+03
1.240000000000000000e+03
1.235000000000000000e+03
