9.210000000000000000e+02
8.910000000000000000e+02
8.830000000000000000e+02
8.460000000000000000e+02
8.340000000000000000e+02
8.310000000000000000e+02
8.210000000000000000e+02
8.000000000000000000e+02
7.930000000000000000e+02
7.930000000000000000e+02
7.760000000000000000e+02
7.650000000000000000e+02
7.320000000000000000e+02
7.180000000000000000e+02
7.120000000000000000e+02
6.980000000000000000e+02
6.740000000000000000e+02
6.580000000000000000e+02
6.440000000000000000e+02
6.430000000000000000e+02
6.250000000000000000e+02
6.170000000000000000e+02
6.090000000000000000e+02
5.940000000000000000e+02
5.880000000000000000e+02
5.690000000000000000e+02
5.750000000000000000e+02
5.820000000000000000e+02
6.100000000000000000e+02
6.170000000000000000e+02
6.490000000000000000e+02
6.480000000000000000e+02
