2.848000000000000000e+03
2.805000000000000000e+03
2.734000000000000000e+03
2.696000000000000000e+03
2.652000000000000000e+03
2.619000000000000000e+03
2.578000000000000000e+03
2.541000000000000000e+03
2.495000000000000000e+03
2.432000000000000000e+03
2.356000000000000000e+03
2.296000000000000000e+03
2.245000000000000000e+03
2.188000000000000000e+03
2.167000000000000000e+03
2.135000000000000000e+03
2.107000000000000000e+03
2.079000000000000000e+03
2.068000000000000000e+03
2.057000000000000000e+03
2.058000000000000000e+03
2.035000000000000000e+03
2.025000000000000000e+03
2.022000000000000000e+03
2.041000000000000000e+03
2.035000000000000000e+03
1.996000000000000000e+03
1.997000000000000000e+03
2.013000000000000000e+03
1.991000000000000000e+03
2.005000000000000000e+03
1.998000000000000000e+03
