1.368000000000000000e+03
1.373000000000000000e+03
1.347000000000000000e+03
1.323000000000000000e+03
1.322000000000000000e+03
1.276000000000000000e+03
1.226000000000000000e+03
1.208000000000000000e+03
1.190000000000000000e+03
1.203000000000000000e+03
1.188000000000000000e+03
1.186000000000000000e+03
1.159000000000000000e+03
1.160000000000000000e+03
1.125000000000000000e+03
1.092000000000000000e+03
1.083000000000000000e+03
1.055000000000000000e+03
1.025000000000000000e+03
9.690000000000000000e+02
9.330000000000000000e+02
8.920000000000000000e+02
8.670000000000000000e+02
8.320000000000000000e+02
8.270000000000000000e+02
8.250000000000000000e+02
8.090000000000000000e+02
7.980000000000000000e+02
7.600000000000000000e+02
7.680000000000000000e+02
7.320000000000000000e+02
7.370000000000000000e+02
