5.000000000000000000e+02
5.340000000000000000e+02
5.770000000000000000e+02
6.160000000000000000e+02
6.090000000000000000e+02
6.290000000000000000e+02
6.320000000000000000e+02
6.610000000000000000e+02
6.910000000000000000e+02
6.660000000000000000e+02
6.550000000000000000e+02
6.690000000000000000e+02
6.670000000000000000e+02
6.620000000000000000e+02
6.910000000000000000e+02
6.910000000000000000e+02
7.120000000000000000e+02
6.980000000000000000e+02
6.720000000000000000e+02
6.840000000000000000e+02
6.840000000000000000e+02
6.840000000000000000e+02
6.760000000000000000e+02
6.580000000000000000e+02
6.440000000000000000e+02
6.300000000000000000e+02
6.260000000000000000e+02
6.240000000000000000e+02
6.300000000000000000e+02
5.980000000000000000e+02
5.950000000000000000e+02
5.890000000000000000e+02
