1.555000000000000000e+03
1.541000000000000000e+03
1.531000000000000000e+03
1.522000000000000000e+03
1.510000000000000000e+03
1.446000000000000000e+03
1.418000000000000000e+03
1.382000000000000000e+03
1.346000000000000000e+03
1.332000000000000000e+03
1.307000000000000000e+03
1.294000000000000000e+03
1.300000000000000000e+03
1.268000000000000000e+03
1.258000000000000000e+03
1.257000000000000000e+03
1.313000000000000000e+03
1.313000000000000000e+03
1.334000000000000000e+03
1.387000000000000000e+03
1.448000000000000000e+03
1.465000000000000000e+03
1.562000000000000000e+03
1.602000000000000000e+03
1.621000000000000000e+03
1.651000000000000000e+03
1.632000000000000000e+03
1.648000000000000000e+03
1.695000000000000000e+03
1.693000000000000000e+03
1.678000000000000000e+03
1.689000000000000000e+03
