1.275000000000000000e+03
1.270000000000000000e+03
1.258000000000000000e+03
1.216000000000000000e+03
1.202000000000000000e+03
1.165000000000000000e+03
1.138000000000000000e+03
1.097000000000000000e+03
1.075000000000000000e+03
1.080000000000000000e+03
1.068000000000000000e+03
1.055000000000000000e+03
1.046000000000000000e+03
1.018000000000000000e+03
1.015000000000000000e+03
1.028000000000000000e+03
1.020000000000000000e+03
1.019000000000000000e+03
1.036000000000000000e+03
1.011000000000000000e+03
1.020000000000000000e+03
1.010000000000000000e+03
9.980000000000000000e+02
9.970000000000000000e+02
9.950000000000000000e+02
9.720000000000000000e+02
9.910000000000000000e+02
9.920000000000000000e+02
9.700000000000000000e+02
9.610000000000000000e+02
9.610000000000000000e+02
9.820000000000000000e+02
