1.880000000000000000e+02
1.580000000000000000e+02
1.470000000000000000e+02
1.510000000000000000e+02
1.580000000000000000e+02
1.690000000000000000e+02
1.920000000000000000e+02
2.010000000000000000e+02
2.130000000000000000e+02
2.470000000000000000e+02
2.570000000000000000e+02
2.950000000000000000e+02
3.100000000000000000e+02
3.350000000000000000e+02
3.450000000000000000e+02
3.500000000000000000e+02
3.700000000000000000e+02
3.620000000000000000e+02
3.800000000000000000e+02
3.770000000000000000e+02
3.980000000000000000e+02
4.140000000000000000e+02
4.430000000000000000e+02
4.390000000000000000e+02
4.440000000000000000e+02
4.500000000000000000e+02
4.780000000000000000e+02
4.820000000000000000e+02
4.810000000000000000e+02
4.760000000000000000e+02
4.800000000000000000e+02
5.010000000000000000e+02
