3.560000000000000000e+02
3.880000000000000000e+02
4.160000000000000000e+02
4.410000000000000000e+02
4.580000000000000000e+02
4.670000000000000000e+02
4.800000000000000000e+02
4.890000000000000000e+02
5.090000000000000000e+02
5.080000000000000000e+02
5.390000000000000000e+02
5.400000000000000000e+02
5.680000000000000000e+02
5.710000000000000000e+02
5.790000000000000000e+02
5.880000000000000000e+02
6.060000000000000000e+02
6.240000000000000000e+02
6.170000000000000000e+02
6.250000000000000000e+02
6.230000000000000000e+02
6.480000000000000000e+02
6.390000000000000000e+02
6.610000000000000000e+02
6.640000000000000000e+02
6.680000000000000000e+02
6.710000000000000000e+02
7.020000000000000000e+02
7.130000000000000000e+02
7.140000000000000000e+02
7.200000000000000000e+02
7.160000000000000000e+02
