8.730000000000000000e+02
8.900000000000000000e+02
8.720000000000000000e+02
8.730000000000000000e+02
8.840000000000000000e+02
8.830000000000000000e+02
8.680000000000000000e+02
8.840000000000000000e+02
8.940000000000000000e+02
8.980000000000000000e+02
8.860000000000000000e+02
8.800000000000000000e+02
8.990000000000000000e+02
9.000000000000000000e+02
9.000000000000000000e+02
9.000000000000000000e+02
8.820000000000000000e+02
8.360000000000000000e+02
8.320000000000000000e+02
8.480000000000000000e+02
8.560000000000000000e+02
8.310000000000000000e+02
8.270000000000000000e+02
8.140000000000000000e+02
7.850000000000000000e+02
7.620000000000000000e+02
7.400000000000000000e+02
7.710000000000000000e+02
7.620000000000000000e+02
7.720000000000000000e+02
7.660000000000000000e+02
7.620000000000000000e+02
