2.274000000000000000e+03
2.325000000000000000e+03
2.351000000000000000e+03
2.386000000000000000e+03
2.415000000000000000e+03
2.434000000000000000e+03
2.475000000000000000e+03
2.507000000000000000e+03
2.548000000000000000e+03
2.589000000000000000e+03
2.602000000000000000e+03
2.666000000000000000e+03
2.692000000000000000e+03
2.727000000000000000e+03
2.752000000000000000e+03
2.782000000000000000e+03
2.812000000000000000e+03
2.807000000000000000e+03
2.859000000000000000e+03
2.887000000000000000e+03
2.922000000000000000e+03
2.960000000000000000e+03
3.013000000000000000e+03
3.030000000000000000e+03
3.030000000000000000e+03
3.024000000000000000e+03
3.038000000000000000e+03
3.053000000000000000e+03
3.057000000000000000e+03
3.094000000000000000e+03
3.109000000000000000e+03
3.121000000000000000e+03
