6.500000000000000000e+02
6.720000000000000000e+02
7.050000000000000000e+02
7.160000000000000000e+02
7.130000000000000000e+02
7.240000000000000000e+02
7.590000000000000000e+02
7.660000000000000000e+02
7.690000000000000000e+02
7.770000000000000000e+02
7.610000000000000000e+02
7.960000000000000000e+02
7.720000000000000000e+02
7.800000000000000000e+02
7.790000000000000000e+02
7.810000000000000000e+02
7.740000000000000000e+02
7.990000000000000000e+02
8.230000000000000000e+02
8.110000000000000000e+02
8.130000000000000000e+02
8.150000000000000000e+02
8.500000000000000000e+02
8.440000000000000000e+02
8.470000000000000000e+02
8.420000000000000000e+02
8.390000000000000000e+02
7.850000000000000000e+02
7.720000000000000000e+02
7.920000000000000000e+02
7.950000000000000000e+02
7.750000000000000000e+02
