1.524000000000000000e+03
1.529000000000000000e+03
1.550000000000000000e+03
1.579000000000000000e+03
1.570000000000000000e+03
1.610000000000000000e+03
1.568000000000000000e+03
1.566000000000000000e+03
1.596000000000000000e+03
1.584000000000000000e+03
1.567000000000000000e+03
1.581000000000000000e+03
1.577000000000000000e+03
1.553000000000000000e+03
1.558000000000000000e+03
1.483000000000000000e+03
1.471000000000000000e+03
1.449000000000000000e+03
1.414000000000000000e+03
1.408000000000000000e+03
1.391000000000000000e+03
1.398000000000000000e+03
1.488000000000000000e+03
1.485000000000000000e+03
1.436000000000000000e+03
1.446000000000000000e+03
1.472000000000000000e+03
1.462000000000000000e+03
1.457000000000000000e+03
1.471000000000000000e+03
1.528000000000000000e+03
1.528000000000000000e+03
