1.801500000000000000e+04
1.795500000000000000e+04
1.796600000000000000e+04
1.805300000000000000e+04
1.808700000000000000e+04
1.812200000000000000e+04
1.816400000000000000e+04
1.822200000000000000e+04
1.829600000000000000e+04
1.835600000000000000e+04
1.841500000000000000e+04
1.867000000000000000e+04
1.870300000000000000e+04
1.870000000000000000e+04
1.882700000000000000e+04
1.881400000000000000e+04
1.896600000000000000e+04
1.900500000000000000e+04
1.912600000000000000e+04
1.927200000000000000e+04
1.944300000000000000e+04
1.944800000000000000e+04
2.007000000000000000e+04
2.033100000000000000e+04
2.035600000000000000e+04
2.036600000000000000e+04
2.037500000000000000e+04
2.040700000000000000e+04
2.040200000000000000e+04
2.048100000000000000e+04
2.047800000000000000e+04
2.055000000000000000e+04
