1.338000000000000000e+03
1.336000000000000000e+03
1.326000000000000000e+03
1.347000000000000000e+03
1.372000000000000000e+03
1.399000000000000000e+03
1.403000000000000000e+03
1.434000000000000000e+03
1.432000000000000000e+03
1.426000000000000000e+03
1.435000000000000000e+03
1.445000000000000000e+03
1.451000000000000000e+03
1.437000000000000000e+03
1.422000000000000000e+03
1.377000000000000000e+03
1.391000000000000000e+03
1.374000000000000000e+03
1.390000000000000000e+03
1.359000000000000000e+03
1.400000000000000000e+03
1.262000000000000000e+03
1.284000000000000000e+03
1.319000000000000000e+03
1.294000000000000000e+03
1.265000000000000000e+03
1.250000000000000000e+03
1.275000000000000000e+03
1.239000000000000000e+03
1.234000000000000000e+03
1.169000000000000000e+03
1.146000000000000000e+03
