1.470000000000000000e+02
1.610000000000000000e+02
1.510000000000000000e+02
1.440000000000000000e+02
1.490000000000000000e+02
1.380000000000000000e+02
1.210000000000000000e+02
1.100000000000000000e+02
1.040000000000000000e+02
1.000000000000000000e+02
9.900000000000000000e+01
9.000000000000000000e+01
8.000000000000000000e+01
8.200000000000000000e+01
9.400000000000000000e+01
1.070000000000000000e+02
1.260000000000000000e+02
1.350000000000000000e+02
1.470000000000000000e+02
1.710000000000000000e+02
1.720000000000000000e+02
2.000000000000000000e+02
2.000000000000000000e+02
2.120000000000000000e+02
2.150000000000000000e+02
2.190000000000000000e+02
2.290000000000000000e+02
2.290000000000000000e+02
2.380000000000000000e+02
2.470000000000000000e+02
2.470000000000000000e+02
2.630000000000000000e+02
