1.138000000000000000e+03
1.133000000000000000e+03
1.131000000000000000e+03
1.138000000000000000e+03
1.174000000000000000e+03
1.159000000000000000e+03
1.160000000000000000e+03
1.174000000000000000e+03
1.192000000000000000e+03
1.211000000000000000e+03
1.229000000000000000e+03
1.194000000000000000e+03
1.185000000000000000e+03
1.175000000000000000e+03
1.152000000000000000e+03
1.133000000000000000e+03
1.111000000000000000e+03
1.102000000000000000e+03
1.090000000000000000e+03
1.075000000000000000e+03
1.080000000000000000e+03
1.094000000000000000e+03
1.087000000000000000e+03
1.101000000000000000e+03
1.097000000000000000e+03
1.082000000000000000e+03
1.093000000000000000e+03
1.097000000000000000e+03
1.090000000000000000e+03
1.086000000000000000e+03
1.100000000000000000e+03
1.111000000000000000e+03
