1.051300000000000000e+04
1.055800000000000000e+04
1.054900000000000000e+04
1.060500000000000000e+04
1.065500000000000000e+04
1.068600000000000000e+04
1.070700000000000000e+04
1.072700000000000000e+04
1.072300000000000000e+04
1.076800000000000000e+04
1.077600000000000000e+04
1.079500000000000000e+04
1.079000000000000000e+04
1.078600000000000000e+04
1.075700000000000000e+04
1.076600000000000000e+04
1.079100000000000000e+04
1.077900000000000000e+04
1.082300000000000000e+04
1.080400000000000000e+04
1.083400000000000000e+04
1.072700000000000000e+04
1.069000000000000000e+04
1.070700000000000000e+04
1.062200000000000000e+04
1.065300000000000000e+04
1.058200000000000000e+04
1.054800000000000000e+04
1.053400000000000000e+04
1.045800000000000000e+04
1.033900000000000000e+04
1.031500000000000000e+04
