7.420000000000000000e+02
7.350000000000000000e+02
7.440000000000000000e+02
7.500000000000000000e+02
7.500000000000000000e+02
7.450000000000000000e+02
7.140000000000000000e+02
7.130000000000000000e+02
6.920000000000000000e+02
6.880000000000000000e+02
6.840000000000000000e+02
6.840000000000000000e+02
6.860000000000000000e+02
6.690000000000000000e+02
6.870000000000000000e+02
6.810000000000000000e+02
6.840000000000000000e+02
6.820000000000000000e+02
6.660000000000000000e+02
6.680000000000000000e+02
6.800000000000000000e+02
6.870000000000000000e+02
7.190000000000000000e+02
7.460000000000000000e+02
7.440000000000000000e+02
7.580000000000000000e+02
7.480000000000000000e+02
7.560000000000000000e+02
7.670000000000000000e+02
7.680000000000000000e+02
7.710000000000000000e+02
7.630000000000000000e+02
