5.180000000000000000e+02
5.080000000000000000e+02
5.310000000000000000e+02
5.480000000000000000e+02
5.490000000000000000e+02
5.460000000000000000e+02
5.530000000000000000e+02
5.630000000000000000e+02
5.760000000000000000e+02
5.810000000000000000e+02
5.770000000000000000e+02
6.020000000000000000e+02
5.990000000000000000e+02
5.920000000000000000e+02
6.100000000000000000e+02
6.200000000000000000e+02
6.080000000000000000e+02
6.380000000000000000e+02
6.390000000000000000e+02
6.420000000000000000e+02
6.500000000000000000e+02
6.540000000000000000e+02
6.830000000000000000e+02
6.810000000000000000e+02
6.940000000000000000e+02
7.070000000000000000e+02
6.910000000000000000e+02
6.850000000000000000e+02
6.790000000000000000e+02
7.010000000000000000e+02
6.860000000000000000e+02
6.870000000000000000e+02
