1.200000000000000000e+03
1.169000000000000000e+03
1.162000000000000000e+03
1.159000000000000000e+03
1.147000000000000000e+03
1.124000000000000000e+03
1.117000000000000000e+03
1.099000000000000000e+03
1.079000000000000000e+03
1.076000000000000000e+03
1.072000000000000000e+03
1.080000000000000000e+03
1.091000000000000000e+03
1.104000000000000000e+03
1.101000000000000000e+03
1.104000000000000000e+03
1.120000000000000000e+03
1.131000000000000000e+03
1.132000000000000000e+03
1.143000000000000000e+03
1.152000000000000000e+03
1.163000000000000000e+03
1.171000000000000000e+03
1.193000000000000000e+03
1.183000000000000000e+03
1.203000000000000000e+03
1.161000000000000000e+03
1.150000000000000000e+03
1.166000000000000000e+03
1.127000000000000000e+03
1.111000000000000000e+03
1.095000000000000000e+03
