6.630000000000000000e+02
6.790000000000000000e+02
6.700000000000000000e+02
6.730000000000000000e+02
6.940000000000000000e+02
7.090000000000000000e+02
7.060000000000000000e+02
7.340000000000000000e+02
7.300000000000000000e+02
7.230000000000000000e+02
7.310000000000000000e+02
7.280000000000000000e+02
7.490000000000000000e+02
7.490000000000000000e+02
7.650000000000000000e+02
7.800000000000000000e+02
7.700000000000000000e+02
7.570000000000000000e+02
7.460000000000000000e+02
7.670000000000000000e+02
7.540000000000000000e+02
7.520000000000000000e+02
7.540000000000000000e+02
7.560000000000000000e+02
7.370000000000000000e+02
7.060000000000000000e+02
6.910000000000000000e+02
6.950000000000000000e+02
7.060000000000000000e+02
7.200000000000000000e+02
7.430000000000000000e+02
7.420000000000000000e+02
