1.057000000000000000e+03
1.059000000000000000e+03
1.050000000000000000e+03
1.026000000000000000e+03
1.001000000000000000e+03
9.910000000000000000e+02
9.880000000000000000e+02
9.700000000000000000e+02
9.750000000000000000e+02
9.480000000000000000e+02
9.210000000000000000e+02
8.920000000000000000e+02
8.430000000000000000e+02
8.350000000000000000e+02
8.070000000000000000e+02
8.030000000000000000e+02
7.800000000000000000e+02
7.740000000000000000e+02
7.690000000000000000e+02
7.480000000000000000e+02
7.450000000000000000e+02
7.410000000000000000e+02
7.330000000000000000e+02
7.310000000000000000e+02
7.140000000000000000e+02
6.980000000000000000e+02
6.780000000000000000e+02
6.770000000000000000e+02
6.560000000000000000e+02
6.590000000000000000e+02
6.500000000000000000e+02
6.390000000000000000e+02
