1.042000000000000000e+03
1.067000000000000000e+03
1.072000000000000000e+03
1.090000000000000000e+03
1.101000000000000000e+03
1.108000000000000000e+03
1.125000000000000000e+03
1.151000000000000000e+03
1.141000000000000000e+03
1.147000000000000000e+03
1.135000000000000000e+03
1.176000000000000000e+03
1.159000000000000000e+03
1.159000000000000000e+03
1.181000000000000000e+03
1.208000000000000000e+03
1.196000000000000000e+03
1.202000000000000000e+03
1.223000000000000000e+03
1.208000000000000000e+03
1.206000000000000000e+03
1.156000000000000000e+03
1.180000000000000000e+03
1.138000000000000000e+03
1.128000000000000000e+03
1.108000000000000000e+03
1.084000000000000000e+03
1.069000000000000000e+03
1.044000000000000000e+03
1.061000000000000000e+03
1.030000000000000000e+03
1.032000000000000000e+03
