1.205000000000000000e+03
1.197000000000000000e+03
1.178000000000000000e+03
1.176000000000000000e+03
1.153000000000000000e+03
1.188000000000000000e+03
1.184000000000000000e+03
1.160000000000000000e+03
1.153000000000000000e+03
1.151000000000000000e+03
1.135000000000000000e+03
1.132000000000000000e+03
1.141000000000000000e+03
1.143000000000000000e+03
1.171000000000000000e+03
1.153000000000000000e+03
1.175000000000000000e+03
1.166000000000000000e+03
1.192000000000000000e+03
1.204000000000000000e+03
1.225000000000000000e+03
1.165000000000000000e+03
1.165000000000000000e+03
1.181000000000000000e+03
1.159000000000000000e+03
1.148000000000000000e+03
1.118000000000000000e+03
1.121000000000000000e+03
1.111000000000000000e+03
1.087000000000000000e+03
1.060000000000000000e+03
1.081000000000000000e+03
