3.648000000000000000e+03
3.538000000000000000e+03
3.432000000000000000e+03
3.334000000000000000e+03
3.232000000000000000e+03
3.154000000000000000e+03
3.093000000000000000e+03
3.017000000000000000e+03
2.911000000000000000e+03
2.831000000000000000e+03
2.821000000000000000e+03
2.912000000000000000e+03
2.950000000000000000e+03
3.001000000000000000e+03
3.038000000000000000e+03
3.101000000000000000e+03
3.199000000000000000e+03
3.263000000000000000e+03
3.267000000000000000e+03
3.390000000000000000e+03
3.493000000000000000e+03
3.441000000000000000e+03
3.524000000000000000e+03
3.553000000000000000e+03
3.590000000000000000e+03
3.528000000000000000e+03
3.501000000000000000e+03
3.522000000000000000e+03
3.591000000000000000e+03
3.612000000000000000e+03
3.579000000000000000e+03
3.595000000000000000e+03
