1.062000000000000000e+03
1.088000000000000000e+03
1.106000000000000000e+03
1.140000000000000000e+03
1.186000000000000000e+03
1.231000000000000000e+03
1.265000000000000000e+03
1.296000000000000000e+03
1.315000000000000000e+03
1.327000000000000000e+03
1.332000000000000000e+03
1.416000000000000000e+03
1.463000000000000000e+03
1.477000000000000000e+03
1.501000000000000000e+03
1.499000000000000000e+03
1.505000000000000000e+03
1.544000000000000000e+03
1.563000000000000000e+03
1.573000000000000000e+03
1.582000000000000000e+03
1.586000000000000000e+03
1.588000000000000000e+03
1.608000000000000000e+03
1.589000000000000000e+03
1.596000000000000000e+03
1.624000000000000000e+03
1.629000000000000000e+03
1.612000000000000000e+03
1.649000000000000000e+03
1.688000000000000000e+03
1.726000000000000000e+03
