1.290000000000000000e+02
1.380000000000000000e+02
1.420000000000000000e+02
1.470000000000000000e+02
1.610000000000000000e+02
1.620000000000000000e+02
1.590000000000000000e+02
1.590000000000000000e+02
1.510000000000000000e+02
1.500000000000000000e+02
1.430000000000000000e+02
1.460000000000000000e+02
1.540000000000000000e+02
1.610000000000000000e+02
1.640000000000000000e+02
1.700000000000000000e+02
1.930000000000000000e+02
2.300000000000000000e+02
2.640000000000000000e+02
2.740000000000000000e+02
2.890000000000000000e+02
2.900000000000000000e+02
2.890000000000000000e+02
3.090000000000000000e+02
3.010000000000000000e+02
3.370000000000000000e+02
3.380000000000000000e+02
3.430000000000000000e+02
3.520000000000000000e+02
3.680000000000000000e+02
3.970000000000000000e+02
4.040000000000000000e+02
