4.276000000000000000e+03
4.259000000000000000e+03
4.195000000000000000e+03
4.314000000000000000e+03
4.269000000000000000e+03
4.214000000000000000e+03
4.227000000000000000e+03
4.220000000000000000e+03
4.170000000000000000e+03
4.103000000000000000e+03
4.021000000000000000e+03
4.157000000000000000e+03
4.098000000000000000e+03
4.021000000000000000e+03
4.024000000000000000e+03
3.911000000000000000e+03
3.873000000000000000e+03
3.826000000000000000e+03
3.835000000000000000e+03
3.808000000000000000e+03
3.794000000000000000e+03
3.620000000000000000e+03
3.512000000000000000e+03
3.409000000000000000e+03
3.328000000000000000e+03
3.262000000000000000e+03
3.182000000000000000e+03
3.090000000000000000e+03
2.997000000000000000e+03
2.898000000000000000e+03
2.888000000000000000e+03
2.877000000000000000e+03
