3.186300000000000000e+04
3.180400000000000000e+04
3.168300000000000000e+04
3.215500000000000000e+04
3.221500000000000000e+04
3.227700000000000000e+04
3.235200000000000000e+04
3.228200000000000000e+04
3.239900000000000000e+04
3.248600000000000000e+04
3.242600000000000000e+04
3.361400000000000000e+04
3.358400000000000000e+04
3.352900000000000000e+04
3.351700000000000000e+04
3.357000000000000000e+04
3.360000000000000000e+04
3.383400000000000000e+04
3.372700000000000000e+04
3.404500000000000000e+04
3.408100000000000000e+04
3.294800000000000000e+04
3.281000000000000000e+04
3.281100000000000000e+04
3.277100000000000000e+04
3.260800000000000000e+04
3.236400000000000000e+04
3.230300000000000000e+04
3.232300000000000000e+04
3.217900000000000000e+04
3.199000000000000000e+04
3.205100000000000000e+04
