2.937000000000000000e+03
2.897000000000000000e+03
2.893000000000000000e+03
2.994000000000000000e+03
3.026000000000000000e+03
3.061000000000000000e+03
3.159000000000000000e+03
3.207000000000000000e+03
3.264000000000000000e+03
3.318000000000000000e+03
3.373000000000000000e+03
3.540000000000000000e+03
3.597000000000000000e+03
3.602000000000000000e+03
3.640000000000000000e+03
3.676000000000000000e+03
3.698000000000000000e+03
3.811000000000000000e+03
3.844000000000000000e+03
3.955000000000000000e+03
3.904000000000000000e+03
3.669000000000000000e+03
3.676000000000000000e+03
3.658000000000000000e+03
3.690000000000000000e+03
3.636000000000000000e+03
3.564000000000000000e+03
3.506000000000000000e+03
3.486000000000000000e+03
3.480000000000000000e+03
3.501000000000000000e+03
3.475000000000000000e+03
