4.368000000000000000e+04
4.354800000000000000e+04
4.329700000000000000e+04
4.373800000000000000e+04
4.369100000000000000e+04
4.367700000000000000e+04
4.362900000000000000e+04
4.357800000000000000e+04
4.367000000000000000e+04
4.365200000000000000e+04
4.353200000000000000e+04
4.513200000000000000e+04
4.510300000000000000e+04
4.504900000000000000e+04
4.503800000000000000e+04
4.510400000000000000e+04
4.519000000000000000e+04
4.543300000000000000e+04
4.535800000000000000e+04
4.573700000000000000e+04
4.589600000000000000e+04
4.478400000000000000e+04
4.476200000000000000e+04
4.494400000000000000e+04
4.498100000000000000e+04
4.492500000000000000e+04
4.468900000000000000e+04
4.474500000000000000e+04
4.485600000000000000e+04
4.484000000000000000e+04
4.488000000000000000e+04
4.507400000000000000e+04
