2.750000000000000000e+02
2.600000000000000000e+02
2.640000000000000000e+02
2.740000000000000000e+02
2.740000000000000000e+02
2.940000000000000000e+02
3.300000000000000000e+02
3.800000000000000000e+02
4.210000000000000000e+02
4.520000000000000000e+02
4.710000000000000000e+02
4.950000000000000000e+02
5.060000000000000000e+02
5.340000000000000000e+02
5.500000000000000000e+02
5.650000000000000000e+02
5.690000000000000000e+02
5.610000000000000000e+02
5.760000000000000000e+02
6.060000000000000000e+02
6.370000000000000000e+02
6.500000000000000000e+02
6.470000000000000000e+02
6.570000000000000000e+02
7.080000000000000000e+02
7.640000000000000000e+02
8.010000000000000000e+02
8.070000000000000000e+02
8.280000000000000000e+02
8.410000000000000000e+02
8.430000000000000000e+02
8.820000000000000000e+02
