2.389000000000000000e+03
2.421000000000000000e+03
2.443000000000000000e+03
2.504000000000000000e+03
2.591000000000000000e+03
2.725000000000000000e+03
2.878000000000000000e+03
2.984000000000000000e+03
3.087000000000000000e+03
3.155000000000000000e+03
3.266000000000000000e+03
3.489000000000000000e+03
3.581000000000000000e+03
3.641000000000000000e+03
3.726000000000000000e+03
3.837000000000000000e+03
3.871000000000000000e+03
3.931000000000000000e+03
4.037000000000000000e+03
4.143000000000000000e+03
4.074000000000000000e+03
4.063000000000000000e+03
4.071000000000000000e+03
4.110000000000000000e+03
4.047000000000000000e+03
4.030000000000000000e+03
4.058000000000000000e+03
4.061000000000000000e+03
3.995000000000000000e+03
3.964000000000000000e+03
3.937000000000000000e+03
3.935000000000000000e+03
