5.200000000000000000e+01
5.200000000000000000e+01
4.700000000000000000e+01
4.400000000000000000e+01
5.100000000000000000e+01
5.900000000000000000e+01
6.700000000000000000e+01
7.400000000000000000e+01
8.500000000000000000e+01
8.000000000000000000e+01
7.900000000000000000e+01
7.800000000000000000e+01
7.800000000000000000e+01
7.600000000000000000e+01
7.700000000000000000e+01
7.900000000000000000e+01
7.000000000000000000e+01
6.800000000000000000e+01
6.800000000000000000e+01
6.200000000000000000e+01
6.200000000000000000e+01
6.000000000000000000e+01
5.700000000000000000e+01
5.900000000000000000e+01
5.800000000000000000e+01
6.000000000000000000e+01
6.700000000000000000e+01
6.800000000000000000e+01
7.800000000000000000e+01
8.300000000000000000e+01
8.800000000000000000e+01
9.500000000000000000e+01
