3.707000000000000000e+03
3.651000000000000000e+03
3.601000000000000000e+03
3.651000000000000000e+03
3.603000000000000000e+03
3.574000000000000000e+03
3.584000000000000000e+03
3.593000000000000000e+03
3.584000000000000000e+03
3.538000000000000000e+03
3.529000000000000000e+03
3.499000000000000000e+03
3.467000000000000000e+03
3.444000000000000000e+03
3.430000000000000000e+03
3.428000000000000000e+03
3.439000000000000000e+03
3.418000000000000000e+03
3.430000000000000000e+03
3.458000000000000000e+03
3.481000000000000000e+03
3.525000000000000000e+03
3.565000000000000000e+03
3.626000000000000000e+03
3.673000000000000000e+03
3.684000000000000000e+03
3.713000000000000000e+03
3.779000000000000000e+03
3.781000000000000000e+03
3.812000000000000000e+03
3.871000000000000000e+03
3.941000000000000000e+03
