2.023500000000000000e+04
2.031400000000000000e+04
2.036600000000000000e+04
2.057900000000000000e+04
2.070600000000000000e+04
2.080000000000000000e+04
2.100700000000000000e+04
2.118400000000000000e+04
2.132200000000000000e+04
2.138200000000000000e+04
2.146200000000000000e+04
2.155600000000000000e+04
2.166600000000000000e+04
2.171200000000000000e+04
2.180700000000000000e+04
2.188700000000000000e+04
2.209800000000000000e+04
2.214300000000000000e+04
2.226900000000000000e+04
2.250900000000000000e+04
2.266700000000000000e+04
2.298600000000000000e+04
2.328800000000000000e+04
2.350800000000000000e+04
2.364000000000000000e+04
2.372500000000000000e+04
2.385600000000000000e+04
2.403500000000000000e+04
2.404100000000000000e+04
2.410900000000000000e+04
2.419500000000000000e+04
2.433900000000000000e+04
