9.060000000000000000e+02
9.300000000000000000e+02
9.370000000000000000e+02
9.290000000000000000e+02
9.220000000000000000e+02
9.250000000000000000e+02
9.440000000000000000e+02
9.410000000000000000e+02
9.340000000000000000e+02
9.380000000000000000e+02
9.360000000000000000e+02
9.320000000000000000e+02
9.460000000000000000e+02
9.530000000000000000e+02
9.570000000000000000e+02
9.700000000000000000e+02
9.740000000000000000e+02
9.860000000000000000e+02
1.007000000000000000e+03
1.023000000000000000e+03
1.028000000000000000e+03
1.027000000000000000e+03
1.021000000000000000e+03
1.030000000000000000e+03
1.020000000000000000e+03
9.900000000000000000e+02
9.660000000000000000e+02
1.003000000000000000e+03
1.040000000000000000e+03
1.077000000000000000e+03
1.095000000000000000e+03
1.148000000000000000e+03
