1.573000000000000000e+03
1.558000000000000000e+03
1.546000000000000000e+03
1.548000000000000000e+03
1.532000000000000000e+03
1.548000000000000000e+03
1.577000000000000000e+03
1.576000000000000000e+03
1.591000000000000000e+03
1.588000000000000000e+03
1.611000000000000000e+03
1.662000000000000000e+03
1.687000000000000000e+03
1.676000000000000000e+03
1.704000000000000000e+03
1.705000000000000000e+03
1.718000000000000000e+03
1.696000000000000000e+03
1.715000000000000000e+03
1.755000000000000000e+03
1.793000000000000000e+03
1.777000000000000000e+03
1.828000000000000000e+03
1.841000000000000000e+03
1.792000000000000000e+03
1.798000000000000000e+03
1.807000000000000000e+03
1.783000000000000000e+03
1.794000000000000000e+03
1.794000000000000000e+03
1.802000000000000000e+03
1.827000000000000000e+03
