1.560000000000000000e+03
1.619000000000000000e+03
1.638000000000000000e+03
1.636000000000000000e+03
1.689000000000000000e+03
1.687000000000000000e+03
1.694000000000000000e+03
1.694000000000000000e+03
1.681000000000000000e+03
1.694000000000000000e+03
1.708000000000000000e+03
1.684000000000000000e+03
1.697000000000000000e+03
1.696000000000000000e+03
1.649000000000000000e+03
1.641000000000000000e+03
1.653000000000000000e+03
1.653000000000000000e+03
1.677000000000000000e+03
1.690000000000000000e+03
1.723000000000000000e+03
1.771000000000000000e+03
1.776000000000000000e+03
1.821000000000000000e+03
1.898000000000000000e+03
1.911000000000000000e+03
1.924000000000000000e+03
1.993000000000000000e+03
1.967000000000000000e+03
1.970000000000000000e+03
1.971000000000000000e+03
1.967000000000000000e+03
