9.880000000000000000e+02
9.780000000000000000e+02
9.920000000000000000e+02
1.000000000000000000e+03
1.011000000000000000e+03
1.031000000000000000e+03
1.020000000000000000e+03
1.027000000000000000e+03
1.047000000000000000e+03
1.065000000000000000e+03
1.080000000000000000e+03
1.080000000000000000e+03
1.067000000000000000e+03
1.086000000000000000e+03
1.082000000000000000e+03
1.050000000000000000e+03
1.019000000000000000e+03
1.039000000000000000e+03
1.083000000000000000e+03
1.132000000000000000e+03
1.150000000000000000e+03
1.203000000000000000e+03
1.242000000000000000e+03
1.259000000000000000e+03
1.319000000000000000e+03
1.387000000000000000e+03
1.480000000000000000e+03
1.516000000000000000e+03
1.494000000000000000e+03
1.493000000000000000e+03
1.530000000000000000e+03
1.535000000000000000e+03
