4.110000000000000000e+02
4.420000000000000000e+02
4.520000000000000000e+02
4.980000000000000000e+02
5.090000000000000000e+02
5.310000000000000000e+02
5.490000000000000000e+02
5.850000000000000000e+02
5.900000000000000000e+02
5.850000000000000000e+02
5.960000000000000000e+02
5.960000000000000000e+02
6.040000000000000000e+02
6.030000000000000000e+02
6.120000000000000000e+02
6.260000000000000000e+02
6.370000000000000000e+02
6.360000000000000000e+02
6.350000000000000000e+02
6.490000000000000000e+02
6.640000000000000000e+02
6.720000000000000000e+02
6.780000000000000000e+02
6.510000000000000000e+02
6.700000000000000000e+02
6.430000000000000000e+02
6.270000000000000000e+02
6.160000000000000000e+02
6.050000000000000000e+02
6.140000000000000000e+02
5.800000000000000000e+02
5.740000000000000000e+02
