8.990000000000000000e+02
9.070000000000000000e+02
9.180000000000000000e+02
9.030000000000000000e+02
9.120000000000000000e+02
8.790000000000000000e+02
8.580000000000000000e+02
8.390000000000000000e+02
8.150000000000000000e+02
8.170000000000000000e+02
7.730000000000000000e+02
7.550000000000000000e+02
7.510000000000000000e+02
7.510000000000000000e+02
7.340000000000000000e+02
7.310000000000000000e+02
7.470000000000000000e+02
7.570000000000000000e+02
7.620000000000000000e+02
7.690000000000000000e+02
7.950000000000000000e+02
8.240000000000000000e+02
8.230000000000000000e+02
8.390000000000000000e+02
8.480000000000000000e+02
8.300000000000000000e+02
7.870000000000000000e+02
7.650000000000000000e+02
7.750000000000000000e+02
7.710000000000000000e+02
7.730000000000000000e+02
7.600000000000000000e+02
