7.340000000000000000e+02
7.340000000000000000e+02
7.420000000000000000e+02
7.440000000000000000e+02
7.570000000000000000e+02
7.570000000000000000e+02
7.680000000000000000e+02
7.550000000000000000e+02
7.680000000000000000e+02
7.880000000000000000e+02
7.980000000000000000e+02
8.030000000000000000e+02
8.200000000000000000e+02
8.040000000000000000e+02
8.000000000000000000e+02
7.660000000000000000e+02
7.490000000000000000e+02
7.340000000000000000e+02
7.230000000000000000e+02
7.210000000000000000e+02
6.730000000000000000e+02
6.610000000000000000e+02
6.660000000000000000e+02
6.700000000000000000e+02
6.410000000000000000e+02
6.510000000000000000e+02
6.740000000000000000e+02
6.860000000000000000e+02
6.890000000000000000e+02
7.040000000000000000e+02
7.260000000000000000e+02
7.520000000000000000e+02
