8.470000000000000000e+02
8.250000000000000000e+02
8.240000000000000000e+02
8.120000000000000000e+02
7.880000000000000000e+02
7.950000000000000000e+02
8.010000000000000000e+02
8.090000000000000000e+02
8.200000000000000000e+02
8.290000000000000000e+02
8.510000000000000000e+02
8.880000000000000000e+02
8.860000000000000000e+02
9.030000000000000000e+02
9.150000000000000000e+02
8.930000000000000000e+02
8.460000000000000000e+02
8.220000000000000000e+02
8.420000000000000000e+02
8.470000000000000000e+02
8.370000000000000000e+02
8.220000000000000000e+02
7.980000000000000000e+02
7.990000000000000000e+02
8.240000000000000000e+02
8.900000000000000000e+02
9.650000000000000000e+02
9.990000000000000000e+02
1.022000000000000000e+03
1.021000000000000000e+03
1.048000000000000000e+03
1.105000000000000000e+03
