1.236000000000000000e+03
1.255000000000000000e+03
1.257000000000000000e+03
1.262000000000000000e+03
1.282000000000000000e+03
1.307000000000000000e+03
1.310000000000000000e+03
1.286000000000000000e+03
1.311000000000000000e+03
1.284000000000000000e+03
1.281000000000000000e+03
1.276000000000000000e+03
1.252000000000000000e+03
1.269000000000000000e+03
1.253000000000000000e+03
1.242000000000000000e+03
1.243000000000000000e+03
1.249000000000000000e+03
1.222000000000000000e+03
1.215000000000000000e+03
1.221000000000000000e+03
1.139000000000000000e+03
1.125000000000000000e+03
1.117000000000000000e+03
1.107000000000000000e+03
1.089000000000000000e+03
1.050000000000000000e+03
1.036000000000000000e+03
9.870000000000000000e+02
9.880000000000000000e+02
9.230000000000000000e+02
9.140000000000000000e+02
