1.200000000000000000e+03
1.178000000000000000e+03
1.189000000000000000e+03
1.184000000000000000e+03
1.156000000000000000e+03
1.156000000000000000e+03
1.174000000000000000e+03
1.205000000000000000e+03
1.215000000000000000e+03
1.246000000000000000e+03
1.223000000000000000e+03
1.249000000000000000e+03
1.267000000000000000e+03
1.259000000000000000e+03
1.285000000000000000e+03
1.297000000000000000e+03
1.304000000000000000e+03
1.289000000000000000e+03
1.330000000000000000e+03
1.316000000000000000e+03
1.321000000000000000e+03
1.333000000000000000e+03
1.280000000000000000e+03
1.294000000000000000e+03
1.262000000000000000e+03
1.243000000000000000e+03
1.236000000000000000e+03
1.214000000000000000e+03
1.194000000000000000e+03
1.178000000000000000e+03
1.170000000000000000e+03
1.147000000000000000e+03
