3.052000000000000000e+03
3.005000000000000000e+03
2.992000000000000000e+03
2.937000000000000000e+03
2.917000000000000000e+03
2.861000000000000000e+03
2.823000000000000000e+03
2.801000000000000000e+03
2.745000000000000000e+03
2.714000000000000000e+03
2.664000000000000000e+03
2.649000000000000000e+03
2.605000000000000000e+03
2.573000000000000000e+03
2.501000000000000000e+03
2.481000000000000000e+03
2.476000000000000000e+03
2.456000000000000000e+03
2.447000000000000000e+03
2.443000000000000000e+03
2.444000000000000000e+03
2.432000000000000000e+03
2.445000000000000000e+03
2.448000000000000000e+03
2.470000000000000000e+03
2.451000000000000000e+03
2.467000000000000000e+03
2.461000000000000000e+03
2.481000000000000000e+03
2.488000000000000000e+03
2.476000000000000000e+03
2.466000000000000000e+03
