1.428000000000000000e+03
1.420000000000000000e+03
1.387000000000000000e+03
1.376000000000000000e+03
1.355000000000000000e+03
1.345000000000000000e+03
1.377000000000000000e+03
1.361000000000000000e+03
1.363000000000000000e+03
1.343000000000000000e+03
1.330000000000000000e+03
1.310000000000000000e+03
1.300000000000000000e+03
1.269000000000000000e+03
1.271000000000000000e+03
1.263000000000000000e+03
1.220000000000000000e+03
1.192000000000000000e+03
1.175000000000000000e+03
1.168000000000000000e+03
1.180000000000000000e+03
1.152000000000000000e+03
1.168000000000000000e+03
1.154000000000000000e+03
1.138000000000000000e+03
1.137000000000000000e+03
1.141000000000000000e+03
1.175000000000000000e+03
1.157000000000000000e+03
1.174000000000000000e+03
1.175000000000000000e+03
1.206000000000000000e+03
