3.048000000000000000e+03
3.032000000000000000e+03
3.087000000000000000e+03
3.121000000000000000e+03
3.135000000000000000e+03
3.166000000000000000e+03
3.146000000000000000e+03
3.244000000000000000e+03
3.221000000000000000e+03
3.255000000000000000e+03
3.198000000000000000e+03
3.103000000000000000e+03
3.017000000000000000e+03
2.976000000000000000e+03
2.904000000000000000e+03
2.889000000000000000e+03
2.803000000000000000e+03
2.790000000000000000e+03
2.671000000000000000e+03
2.665000000000000000e+03
2.661000000000000000e+03
2.385000000000000000e+03
2.343000000000000000e+03
2.329000000000000000e+03
2.292000000000000000e+03
2.290000000000000000e+03
2.279000000000000000e+03
2.265000000000000000e+03
2.204000000000000000e+03
2.173000000000000000e+03
2.007000000000000000e+03
1.958000000000000000e+03
