4.220000000000000000e+02
4.020000000000000000e+02
4.080000000000000000e+02
3.950000000000000000e+02
3.940000000000000000e+02
4.090000000000000000e+02
4.470000000000000000e+02
4.690000000000000000e+02
5.260000000000000000e+02
5.650000000000000000e+02
5.980000000000000000e+02
6.130000000000000000e+02
6.560000000000000000e+02
6.800000000000000000e+02
7.060000000000000000e+02
7.400000000000000000e+02
7.630000000000000000e+02
7.960000000000000000e+02
7.880000000000000000e+02
8.020000000000000000e+02
8.060000000000000000e+02
8.260000000000000000e+02
8.150000000000000000e+02
8.250000000000000000e+02
8.400000000000000000e+02
8.560000000000000000e+02
9.110000000000000000e+02
9.430000000000000000e+02
9.630000000000000000e+02
9.760000000000000000e+02
1.007000000000000000e+03
1.020000000000000000e+03
