3.109000000000000000e+03
3.092000000000000000e+03
3.070000000000000000e+03
3.044000000000000000e+03
3.062000000000000000e+03
3.076000000000000000e+03
3.018000000000000000e+03
3.003000000000000000e+03
2.962000000000000000e+03
2.982000000000000000e+03
2.967000000000000000e+03
2.930000000000000000e+03
2.888000000000000000e+03
2.919000000000000000e+03
2.885000000000000000e+03
2.932000000000000000e+03
2.963000000000000000e+03
2.993000000000000000e+03
2.991000000000000000e+03
3.018000000000000000e+03
3.014000000000000000e+03
3.038000000000000000e+03
3.107000000000000000e+03
3.174000000000000000e+03
3.231000000000000000e+03
3.274000000000000000e+03
3.270000000000000000e+03
3.341000000000000000e+03
3.376000000000000000e+03
3.399000000000000000e+03
3.403000000000000000e+03
3.351000000000000000e+03
