8.530000000000000000e+02
9.100000000000000000e+02
9.340000000000000000e+02
9.820000000000000000e+02
1.002000000000000000e+03
1.033000000000000000e+03
1.060000000000000000e+03
1.084000000000000000e+03
1.101000000000000000e+03
1.131000000000000000e+03
1.142000000000000000e+03
1.143000000000000000e+03
1.129000000000000000e+03
1.151000000000000000e+03
1.177000000000000000e+03
1.188000000000000000e+03
1.232000000000000000e+03
1.251000000000000000e+03
1.266000000000000000e+03
1.281000000000000000e+03
1.312000000000000000e+03
1.345000000000000000e+03
1.356000000000000000e+03
1.362000000000000000e+03
1.391000000000000000e+03
1.416000000000000000e+03
1.446000000000000000e+03
1.479000000000000000e+03
1.503000000000000000e+03
1.519000000000000000e+03
1.516000000000000000e+03
1.511000000000000000e+03
