2.626000000000000000e+03
2.593000000000000000e+03
2.597000000000000000e+03
2.579000000000000000e+03
2.535000000000000000e+03
2.511000000000000000e+03
2.491000000000000000e+03
2.477000000000000000e+03
2.431000000000000000e+03
2.393000000000000000e+03
2.306000000000000000e+03
2.166000000000000000e+03
2.123000000000000000e+03
2.133000000000000000e+03
2.145000000000000000e+03
2.094000000000000000e+03
2.038000000000000000e+03
2.016000000000000000e+03
2.023000000000000000e+03
2.026000000000000000e+03
2.031000000000000000e+03
2.005000000000000000e+03
1.984000000000000000e+03
1.959000000000000000e+03
1.946000000000000000e+03
1.954000000000000000e+03
1.967000000000000000e+03
1.951000000000000000e+03
1.951000000000000000e+03
1.917000000000000000e+03
1.941000000000000000e+03
1.939000000000000000e+03
