3.228000000000000000e+03
3.174000000000000000e+03
3.105000000000000000e+03
3.116000000000000000e+03
3.088000000000000000e+03
3.149000000000000000e+03
3.161000000000000000e+03
3.231000000000000000e+03
3.212000000000000000e+03
3.235000000000000000e+03
3.165000000000000000e+03
3.048000000000000000e+03
2.993000000000000000e+03
3.027000000000000000e+03
2.996000000000000000e+03
3.045000000000000000e+03
2.954000000000000000e+03
2.993000000000000000e+03
2.916000000000000000e+03
2.935000000000000000e+03
2.985000000000000000e+03
2.998000000000000000e+03
3.007000000000000000e+03
3.021000000000000000e+03
3.054000000000000000e+03
3.062000000000000000e+03
3.143000000000000000e+03
3.160000000000000000e+03
3.180000000000000000e+03
3.203000000000000000e+03
3.149000000000000000e+03
3.168000000000000000e+03
