2.856700000000000000e+04
2.859300000000000000e+04
2.862700000000000000e+04
2.880600000000000000e+04
2.882500000000000000e+04
2.923300000000000000e+04
2.896100000000000000e+04
2.942000000000000000e+04
2.910300000000000000e+04
2.962300000000000000e+04
2.934800000000000000e+04
2.862000000000000000e+04
2.831000000000000000e+04
2.859700000000000000e+04
2.829600000000000000e+04
2.870800000000000000e+04
2.841100000000000000e+04
2.879900000000000000e+04
2.845800000000000000e+04
2.871800000000000000e+04
2.870300000000000000e+04
2.851600000000000000e+04
2.844900000000000000e+04
2.861300000000000000e+04
2.871200000000000000e+04
2.875500000000000000e+04
2.883700000000000000e+04
2.890400000000000000e+04
2.879900000000000000e+04
2.881600000000000000e+04
2.857700000000000000e+04
2.849400000000000000e+04
