7.200000000000000000e+01
8.000000000000000000e+01
7.700000000000000000e+01
7.700000000000000000e+01
7.700000000000000000e+01
8.700000000000000000e+01
8.900000000000000000e+01
9.500000000000000000e+01
1.030000000000000000e+02
1.040000000000000000e+02
1.060000000000000000e+02
1.040000000000000000e+02
1.050000000000000000e+02
1.100000000000000000e+02
1.170000000000000000e+02
1.090000000000000000e+02
9.400000000000000000e+01
9.200000000000000000e+01
8.000000000000000000e+01
7.400000000000000000e+01
7.200000000000000000e+01
6.400000000000000000e+01
7.100000000000000000e+01
7.800000000000000000e+01
7.600000000000000000e+01
8.100000000000000000e+01
9.800000000000000000e+01
1.210000000000000000e+02
1.320000000000000000e+02
1.420000000000000000e+02
1.600000000000000000e+02
1.710000000000000000e+02
